###MJD          m      dm   uJy   duJy F err chi/N     RA       Dec        x        y     maj  min   phi  apfit mag5sig Sky   Obs
58282.456071  21.314  1.346    11   15 o  0   0.84 252.70876  45.39802  6451.08  3817.27 3.28 2.93 -86.1 -0.419 19.38 21.17 01a58282o0393o
58282.469867 -22.565  3.750    -3   13 o  0   1.18 252.70876  45.39802  6464.77  3852.67 3.17 3.12 -28.8 -0.416 19.33 21.18 01a58282o0416o
58282.480733  20.980  0.824    15   12 o  0   1.06 252.70876  45.39802  6408.87  3775.57 3.04 2.98 -67.1 -0.428 19.38 21.18 01a58282o0434o
58282.496347 -21.642  1.692    -8   14 o  0   0.92 252.70876  45.39802  6399.03  3894.03 3.23 2.90 -82.9 -0.423 19.32 21.09 01a58282o0464o
58284.448070 -23.227  4.313    -2    8 c  0   1.32 252.70876  45.39802  1252.82  7892.14 2.41 2.23  11.4 -0.467 19.86 21.85 02a58284o0438c
58284.458916 -24.125  9.857    -1    8 c  0   1.52 252.70876  45.39802  1226.02  7854.67 2.40 2.24  20.5 -0.465 19.85 21.82 02a58284o0461c
58284.476179  21.106  0.767    13   10 c  0   0.92 252.70876  45.39802  1293.73  7927.88 2.51 2.35  10.5 -0.454 19.80 21.78 02a58284o0498c
58284.488809 -22.274  1.941    -4    9 c  0   1.61 252.70876  45.39802  1307.73  7809.35 2.56 2.39  14.2 -0.454 19.78 21.76 02a58284o0525c
58286.434349 -20.360  0.517   -26   14 o  0   1.19 252.70876  45.39802  9287.11  5991.48 3.37 2.84 -87.6 -0.449 19.35 21.12 01a58286o0372o
58286.446035  22.038  2.731     6   15 o  0   0.80 252.70876  45.39802  9315.42  6026.72 3.44 2.68 -83.9 -0.453 19.42 21.12 01a58286o0397o
58286.462850 -21.778  1.967    -7   14 o  0   1.21 252.70876  45.39802  9257.11  5950.37 3.66 2.79 -85.6 -0.444 19.34 21.08 01a58286o0433o
58286.474896 -24.195 22.000    -1   17 o  0   0.93 252.70876  45.39802  9231.85  6067.54 3.78 2.94 -86.7 -0.436 19.31 21.03 01a58286o0459o
58290.427751 -20.689  0.784   -19   15 o  0   1.48 252.70876  45.39802  8953.59  5891.33 3.48 2.83 -82.4 -0.442 19.27 20.74 01a58290o0408o
58290.435149 -21.779  1.970    -7   14 o  0   1.32 252.70876  45.39802  8968.20  5928.34 3.40 2.81 -83.1 -0.450 19.24 20.70 01a58290o0424o
58290.444154 -21.724  1.943    -7   14 o  0   1.21 252.70876  45.39802  8911.79  5852.81 3.45 2.75 -83.9 -0.445 19.25 20.68 01a58290o0443o
58290.456768  22.192  3.261     5   16 o  0   0.80 252.70876  45.39802  8901.13  5969.46 3.44 2.74 -84.6 -0.441 19.27 20.71 01a58290o0470o
58292.436947  23.150  6.579     2   13 o  0   1.42 252.70876  45.39802  3159.28  6395.10 2.15 2.08 -33.3 -0.466 19.25 20.11 02a58292o0426o
58292.446620  21.741  1.808     7   13 o  0   1.09 252.70876  45.39802  3144.95  6356.15 2.01 1.95 -13.6 -0.477 19.29 20.12 02a58292o0447o
58292.453906 -22.846  5.581    -3   15 o  0   0.56 252.70876  45.39802  3198.36  6432.39 1.94 1.87 -29.2 -0.472 19.34 20.13 02a58292o0462o
58292.466999  20.744  0.694    18   13 o  0   1.32 252.70876  45.39802  3224.60  6314.84 2.10 2.00 -24.1 -0.470 19.29 20.13 02a58292o0490o
58294.419433 -21.716  3.556    -8   27 o  0   0.79 252.70876  45.39802  8210.58  5294.27 3.34 2.80 -85.0 -0.449 18.90 19.96 01a58294o0388o
58294.428858  20.616  1.235    21   25 o  0   1.05 252.70876  45.39802  8238.93  5329.97 3.37 2.70 -84.2 -0.453 18.88 19.94 01a58294o0408o
58294.440479 -22.008  3.741    -6   21 o  0   1.04 252.70876  45.39802  8170.02  5255.08 3.45 2.77 -84.9 -0.446 18.83 19.92 01a58294o0433o
58294.447131 -21.551  2.925    -9   26 o  0   1.09 252.70876  45.39802  8158.91  5371.98 3.55 2.78 -84.4 -0.439 18.85 19.90 01a58294o0447o
58296.454661 -20.171  0.692   -31   22 o  0   1.12 252.70876  45.39802  3150.50  6528.48 2.20 2.04 -39.3 -0.442 18.78 19.30 02a58296o0462o
58296.466992 -20.458  0.901   -24   22 o  0   1.45 252.70876  45.39802  3136.89  6490.45 2.13 2.00 -32.6 -0.482 18.80 19.28 02a58296o0488o
58296.475231  21.881  3.596     6   23 o  0   1.18 252.70876  45.39802  3190.35  6565.67 2.25 2.15  -8.0 -0.452 18.74 19.25 02a58296o0506o
58296.483452  20.013  0.780    36   28 o  0   0.62 252.70876  45.39802  3218.02  6451.14 2.11 2.02 -13.2 -0.474 18.74 19.20 02a58296o0523o
58298.373092  20.307  1.067    27   29 o  0   1.12 252.70876  45.39802  9568.85  6215.97 3.97 2.95 -85.9 -0.435 18.74 19.83 01a58298o0285o
58298.385677  23.263 16.429     2   30 o  0   1.17 252.70876  45.39802  9597.46  6250.11 4.07 2.83 -86.0 -0.439 18.74 19.81 01a58298o0312o
58298.392126 -22.170  5.963    -5   29 o  0   1.15 252.70876  45.39802    64.59  6384.63 2.99 2.84 -82.4 -0.394 18.68 19.81 01a58298o0326o
58298.394030 -20.122  0.951   -32   31 o  0   0.91 252.70876  45.39802  9527.10  6174.65 4.10 2.91 -86.3 -0.439 18.72 19.80 01a58298o0330o
58298.400982 -24.168 37.333    -1   29 o  0   1.38 252.70876  45.39802  9518.01  6290.62 4.03 2.88 -86.3 -0.446 18.75 19.79 01a58298o0345o
58298.402406  16.813  0.047   684   32 o  0  12.82 252.70876  45.39802    80.19  6421.55 3.33 3.03 -89.1 -0.386 18.60 19.80 01a58298o0348o
58300.396813 -16.857  2.082  -657 1367 o  0   1.52 252.70876  45.39802  4463.41  5571.87 2.04 1.85 -37.1 -0.534 14.12 14.16 02a58300o0336o
58300.406622 -16.038  2.563 -1396 3577 o  0   1.02 252.70876  45.39802  4433.50  5532.97 11.51 9.16   0.0 -0.136 14.60 14.57 02a58300o0357o
58300.422465 -16.841  2.884  -666 1922 o  0   1.02 252.70876  45.39802  4484.48  5609.28 2.35 2.07 -44.3 -0.485 14.18 14.32 02a58300o0391o
58302.412045  21.501  1.925     9   18 o  0   1.11 252.70876  45.39802  7682.57  4811.51 3.56 2.90 -84.9 -0.434 19.12 20.49 01a58302o0294o
58302.420903  22.593  4.733     3   16 o  0   1.48 252.70876  45.39802  7695.34  4849.06 3.42 2.95 -85.0 -0.431 19.09 20.46 01a58302o0313o
58302.427085 -25.525 81.000    -0   18 o  0   1.00 252.70876  45.39802  7641.28  4773.94 3.43 2.95 -81.8 -0.432 19.08 20.41 01a58302o0326o
58302.440045 -21.128  1.357   -13   17 o  0   1.13 252.70876  45.39802  7630.12  4889.61 3.48 3.00 -84.0 -0.426 19.02 20.40 01a58302o0354o
58304.407949 -21.628  2.750    -8   22 o  0   1.09 252.70876  45.39802  4155.11  5980.39 2.38 2.25 -53.5 -0.444 18.73 20.14 02a58304o0362o
58304.418749 -21.153  1.108   -13   14 o  0   0.82 252.70876  45.39802  4141.71  5941.64 2.30 2.20 -43.6 -0.443 19.40 20.84 02a58304o0385o
58304.429346 -21.284  1.316   -11   15 o  0   1.11 252.70876  45.39802  4194.43  6017.13 2.23 2.11 -52.0 -0.447 19.22 20.38 02a58304o0408o
58304.435560  20.745  1.529    18   28 o  0   1.28 252.70876  45.39802  4207.67  5900.79 2.18 2.10 -39.2 -0.457 18.50 19.41 02a58304o0421o
58308.413872  18.276  0.054   178   10 c  0   1.35 252.70876  45.39802  3888.37  6083.35 2.52 2.51 -25.5 -0.418 19.80 21.91 02a58308o0115c
58308.424334  18.329  0.059   169   10 c  0   1.25 252.70876  45.39802  3874.85  6042.23 2.42 2.34  31.0 -0.431 19.79 21.87 02a58308o0135c
58308.439830  18.197  0.049   191    9 c  0   1.52 252.70876  45.39802  3924.44  6121.50 2.45 2.42  15.0 -0.428 19.77 21.86 02a58308o0163c
58308.447235  18.274  0.053   178   10 c  0   1.49 252.70876  45.39802  3951.48  6004.46 2.51 2.42   2.9 -0.428 19.80 21.85 02a58308o0177c
58310.393560  18.460  0.107   150   16 o  0   0.87 252.70876  45.39802  8996.93  3766.04 3.30 2.95 -83.3 -0.436 19.36 21.14 01a58310o0264o
58310.401388  18.531  0.108   140   15 o  0   1.09 252.70876  45.39802  9026.68  3803.54 3.38 3.10 -80.1 -0.425 19.31 21.12 01a58310o0281o
58310.410342  18.335  0.090   168   15 o  0   1.29 252.70876  45.39802  8969.91  3728.68 3.44 2.92 -83.8 -0.431 19.37 21.09 01a58310o0300o
58310.422328  18.599  0.109   132   14 o  0   1.27 252.70876  45.39802  8943.85  3846.85 3.38 2.88 -83.9 -0.440 19.33 21.06 01a58310o0326o
58312.407449  18.937  0.101    97   10 c  0   1.66 252.70876  45.39802  3499.81  6163.28 2.47 2.37 -42.1 -0.415 19.79 21.83 02a58312o0351c
58312.415694  18.792  0.092   110   10 c  0   0.86 252.70876  45.39802  3473.60  6125.03 2.46 2.41 -41.8 -0.416 19.79 21.84 02a58312o0369c
58312.423770  18.667  0.081   124   10 c  0   1.33 252.70876  45.39802  3540.88  6200.44 2.46 2.36 -35.7 -0.413 19.77 21.77 02a58312o0386c
58312.436178  18.860  0.089   104    9 c  0   1.42 252.70876  45.39802  3552.47  6083.29 2.46 2.36 -28.9 -0.414 19.76 21.73 02a58312o0413c
58318.377183  18.694  0.139   121   17 o  0   0.86 252.70876  45.39802  7563.28  5140.19 3.29 2.93 -80.7 -0.428 19.23 20.81 01a58318o0301o
58318.386592  19.033  0.189    88   17 o  0   1.27 252.70876  45.39802  7591.60  5176.58 3.50 3.18 -77.7 -0.412 19.22 20.86 01a58318o0321o
58318.397648  18.855  0.138   104   14 o  0   1.18 252.70876  45.39802  7522.60  5102.11 3.31 2.88 -81.1 -0.430 19.27 20.84 01a58318o0345o
58318.403843  18.998  0.173    91   16 o  0   1.02 252.70876  45.39802  7512.18  5218.46 3.49 2.94 -84.9 -0.427 19.26 20.81 01a58318o0358o
58320.385639  18.717  0.275   118   33 o  0   1.37 252.70876  45.39802  1755.95  5490.48 2.33 2.08 -38.6 -0.440 18.29 18.76 02a58320o0326o
58320.395951  19.182  0.154    77   12 o  0   1.29 252.70876  45.39802  1744.93  5450.76 2.02 1.89 -18.9 -0.463 19.38 20.32 02a58320o0348o
58320.406951  18.887  0.145   101   15 o  0   0.83 252.70876  45.39802  1797.03  5525.45 2.10 1.93 -37.0 -0.447 19.34 20.30 02a58320o0372o
58320.412720  18.863  0.119   104   12 o  0   1.06 252.70876  45.39802  1811.34  5407.44 2.10 1.96 -31.0 -0.449 19.45 20.46 02a58320o0384o
58322.373068  18.769  0.183   113   21 o  0   0.99 252.70876  45.39802  6626.69  5831.39 3.26 3.02 -82.9 -0.416 18.92 20.17 01a58322o0292o
58322.381849  18.858  0.203   104   21 o  0   1.43 252.70876  45.39802  6642.16  5869.63 3.44 3.35 -50.2 -0.396 18.83 20.13 01a58322o0311o
58322.390342  18.620  0.143   129   18 o  0   1.06 252.70876  45.39802  6585.76  5793.44 3.17 2.95 -78.7 -0.428 18.91 20.10 01a58322o0329o
58322.402309  19.000  0.250    91   23 o  0   0.90 252.70876  45.39802  6573.84  5909.47 3.34 2.99 -81.4 -0.413 18.86 20.09 01a58322o0355o
58324.376523  19.073  0.190    85   16 o  0   1.12 252.70876  45.39802  1691.65  5546.98 1.94 1.82 -24.0 -0.465 19.21 19.79 02a58324o0299o
58324.385328  18.742  0.137   116   16 o  0   1.18 252.70876  45.39802  1659.56  5509.27 1.94 1.79 -21.1 -0.470 19.21 19.77 02a58324o0318o
58324.393386  18.638  0.124   127   16 o  0   1.11 252.70876  45.39802  1729.00  5583.06 1.89 1.80 -25.4 -0.489 19.13 19.71 02a58324o0335o
58324.406208  18.561  0.146   137   20 o  0   1.91 252.70876  45.39802  1743.94  5464.53 1.93 1.83 -12.1 -0.469 18.81 19.47 02a58324o0363o
58328.264302  18.410  0.085   157   13 o  0   1.55 252.70876  45.39802  7856.96  4192.20 2.15 2.05 -62.8 -0.441 19.32 20.21 02a58328o0064o
58328.277464  18.400  0.089   158   14 o  0   0.97 252.70876  45.39802  2730.62  6341.22 1.93 1.81 -25.6 -0.471 19.40 20.08 02a58328o0092o
58328.281595  18.492  0.083   146   12 o  0   1.58 252.70876  45.39802  2796.85  6417.50 2.05 1.87 -31.1 -0.455 19.31 20.04 02a58328o0101o
58328.296281  18.500  0.109   144   16 o  0   1.11 252.70876  45.39802  2801.94  6296.42 2.35 1.93 -41.1 -0.411 19.21 19.96 02a58328o0132o
58330.361981  18.423  0.163   155   25 o  0   0.98 252.70876  45.39802  9627.73  5145.73 3.84 3.10 -82.3 -0.447 18.71 19.98 01a58330o0276o
58330.370331  18.791  0.237   111   26 o  0   0.86 252.70876  45.39802   127.54  5315.04 3.28 3.17 -70.9 -0.427 18.70 20.01 01a58330o0294o
58330.371252  18.276  0.154   178   27 o  0   0.86 252.70876  45.39802  9657.49  5184.00 3.66 3.04 -80.4 -0.457 18.76 19.93 01a58330o0296o
58330.377986  18.571  0.217   135   29 o  0   0.91 252.70876  45.39802  9584.63  5109.53 4.19 3.12 -83.1 -0.453 18.68 19.91 01a58330o0310o
58330.378906  18.328  0.168   169   28 o  0   0.94 252.70876  45.39802   140.32  5352.45 3.13 2.96  60.5 -0.447 18.75 19.95 01a58330o0312o
58330.390895  18.404  0.166   158   26 o  0   1.46 252.70876  45.39802    83.60  5271.01 3.26 3.00  78.5 -0.442 18.69 19.94 01a58330o0338o
58330.391356  18.411  0.193   157   30 o  0   0.88 252.70876  45.39802  9573.43  5228.65 4.12 3.06 -84.8 -0.440 18.62 19.86 01a58330o0339o
58330.396585  18.468  0.196   149   29 o  0   1.27 252.70876  45.39802    73.10  5386.46 3.35 3.13  82.7 -0.428 18.68 19.95 01a58330o0350o
58334.358240  18.203  1.167   190  222 o  0   1.17 252.70876  45.39802  9259.68  3207.58 3.38 3.00 -78.1 -0.424 16.62 18.25 01a58334o0200o
58334.366229  18.727  0.525   117   62 o  0   1.06 252.70876  45.39802  9222.02  3169.12 3.61 2.93 -83.3 -0.428 17.71 19.34 01a58334o0215o
58334.367150  18.025  0.257   224   58 o  0   0.82 252.70876  45.39802  9278.18  3243.31 3.56 2.86 -83.9 -0.433 18.16 19.81 01a58334o0217o
58334.383896  18.287  0.575   176  101 o  0   0.94 252.70876  45.39802  9212.04  3287.43 3.50 2.83 -82.9 -0.441 17.25 18.93 01a58334o0247o
58338.337518  18.670  0.096   124   12 o  0   1.54 252.70876  45.39802  8034.11  3643.81 3.11 2.89 -14.8 -0.422 19.36 21.18 01a58338o0233o
58338.343674 -17.530  0.042  -353   15 o  0  42.25 252.70876  45.39802  8063.94  3680.61 3.33 3.11 -29.7 -0.404 19.35 21.24 01a58338o0246o
58338.355723  18.476  0.092   148   14 o  0   1.12 252.70876  45.39802  7997.27  3606.73 3.12 2.81 -77.9 -0.435 19.42 21.15 01a58338o0272o
58338.362836  18.452  0.082   151   12 o  0   1.08 252.70876  45.39802  7986.62  3721.97 3.19 2.70 -81.4 -0.443 19.49 21.26 01a58338o0287o
58342.327448  18.702  0.107   120   13 o  0   1.02 252.70876  45.39802  7414.55  4655.30 3.30 3.01 -75.1 -0.427 19.39 21.33 01a58342o0193o
58342.335804  18.732  0.117   117   14 o  0   1.12 252.70876  45.39802  7443.27  4693.22 3.30 3.03 -82.2 -0.429 19.40 21.25 01a58342o0211o
58342.341473  18.855  0.127   104   13 o  0   1.33 252.70876  45.39802  7387.69  4617.58 3.50 3.02 -86.8 -0.424 19.33 21.22 01a58342o0223o
58342.353522  18.958  0.139    95   13 o  0   1.01 252.70876  45.39802  7364.98  4736.24 3.27 3.01 -80.2 -0.427 19.35 21.23 01a58342o0249o
58344.348662  19.677  0.180    49    9 c  0   1.36 252.70876  45.39802  2384.69  4909.38 2.60 2.39 -51.3 -0.393 19.70 21.78 02a58344o0250c
58344.356221  19.654  0.205    50   10 c  0   0.99 252.70876  45.39802  2357.33  4869.80 2.54 2.47 -46.8 -0.402 19.73 21.77 02a58344o0266c
58344.368123  20.174  0.291    31    9 c  0   1.04 252.70876  45.39802  2410.50  4944.18 2.50 2.38 -44.4 -0.410 19.70 21.72 02a58344o0292c
58344.373902  19.492  0.189    58   11 c  0   0.90 252.70876  45.39802  2437.07  4825.03 2.60 2.44 -43.9 -0.396 19.67 21.70 02a58344o0304c
58348.313439  18.994  0.125    92   12 o  0   1.21 252.70876  45.39802  2972.60  8018.14 2.53 2.08 -50.9 -0.398 19.51 20.75 02a58348o0191o
58348.321377  19.193  0.158    76   12 o  0   0.98 252.70876  45.39802  2956.35  7980.46 2.48 2.04 -43.6 -0.407 19.50 20.73 02a58348o0208o
58348.329324  18.993  0.135    92   12 o  0   1.48 252.70876  45.39802  3008.76  8053.49 2.40 2.00 -42.1 -0.409 19.53 20.67 02a58348o0225o
58348.339548  19.342  0.179    67   12 o  0   1.19 252.70876  45.39802  3022.10  7934.94 2.05 1.86 -23.2 -0.454 19.58 20.66 02a58348o0247o
58352.307518  18.101  0.484   209  101 o  0   1.19 252.70876  45.39802  2941.80  7786.04 2.56 2.23 -47.3 -0.446 17.28 17.53 02a58352o0040o
58352.315412 -18.990  0.922   -92   85 o  0   1.76 252.70876  45.39802  2923.79  7746.09 2.62 2.29 -47.5 -0.423 17.34 17.70 02a58352o0057o
58352.323336  17.521  1.233   356  439 o  0   2.31 252.70876  45.39802  2974.17  7820.69 2.58 2.21 -43.0 -0.402 15.53 15.86 02a58352o0074o
58352.331811  18.349  1.260   166  209 o  0   2.87 252.70876  45.39802  2998.66  7703.28 2.59 2.20 -46.2 -0.408 16.35 16.45 02a58352o0092o
58360.279959  19.504  0.186    57   11 o  0   0.82 252.70876  45.39802  2015.06  6610.12 2.24 1.88 -45.9 -0.422 19.72 21.19 02a58360o0137o
58360.288394  19.780  0.251    44   11 o  0   1.14 252.70876  45.39802  1984.87  6570.99 2.25 1.89 -41.9 -0.426 19.70 21.09 02a58360o0155o
58360.296782  19.657  0.271    50   14 o  0   0.87 252.70876  45.39802  2050.19  6647.61 2.38 1.97 -46.0 -0.416 19.57 20.79 02a58360o0173o
58360.304677  19.602  0.275    52   14 o  0   0.77 252.70876  45.39802  2064.18  6527.49 1.98 1.79 -25.4 -0.465 19.54 20.51 02a58360o0190o
58362.276419  19.385  0.301    64   19 o  0   0.87 252.70876  45.39802  9068.99  3899.99 3.34 3.21 -75.5 -0.606 19.17 20.85 01a58362o0130o
58362.284372  19.357  0.232    66   15 o  0   1.17 252.70876  45.39802  9098.63  3937.38 3.32 3.17 -65.5 -0.425 19.21 20.85 01a58362o0147o
58362.291327  19.323  0.268    68   18 o  0   0.92 252.70876  45.39802  9030.36  3864.56 3.62 2.96 -82.7 -0.432 19.19 20.79 01a58362o0162o
58362.299210  19.613  0.311    52   16 o  0   1.02 252.70876  45.39802  9021.04  3982.81 3.19 3.00 -59.1 -0.437 19.25 20.79 01a58362o0179o
58364.271139  19.412  0.241    62   15 o  0   0.68 252.70876  45.39802  2519.82  4336.83 2.58 2.15 -52.1 -0.417 19.46 20.65 02a58364o0017o
58364.280087  20.317  0.485    27   13 o  0   0.99 252.70876  45.39802  2501.25  4298.30 2.63 2.24 -54.2 -0.407 19.41 20.64 02a58364o0036o
58364.288515  19.505  0.223    57   13 o  0   0.93 252.70876  45.39802  2553.24  4374.45 2.56 2.23 -50.6 -0.414 19.43 20.67 02a58364o0054o
58364.296470  19.844  0.305    42   13 o  0   0.88 252.70876  45.39802  2563.72  4254.61 2.42 2.07 -53.9 -0.420 19.48 20.65 02a58364o0071o