         MJD         m       dm  uJy  duJy F  err  chi/N       RA      Dec        x        y  maj  min   phi  apfit  mag5sig   Sky            Obs     Mask   duJy_new
57396.562249 19.696897      NaN   -4    16 c    0   1.83 196.6049 53.47931 10107.46  3760.92 3.98 3.76  54.7 -0.443    19.58 21.63 02a57396o0565c 0x400100  26.088331
57396.569606 19.631075      NaN  -18    17 c    0   2.81 196.6049 53.47931   673.90  3767.56 4.59 3.68 -38.6 -0.410    19.62 21.62 02a57396o0577c   0x0000  26.713312
57396.573889 19.226921      NaN   26    16 c    0   1.98 196.6049 53.47931  9817.40  3194.31 3.94 3.74  41.9 -0.444    19.63 21.70 02a57396o0584c  0x80000  26.088331
57396.586730 19.351140 0.279659   66    17 c    0   3.85 196.6049 53.47931   356.82  3166.25 4.87 3.72 -37.6 -0.396    19.62 21.62 02a57396o0605c  0x80000  26.713312
57396.603837 19.115465      NaN   37    15 c    0   2.90 196.6049 53.47931  1195.31  4383.96 4.30 3.63 -43.6 -0.435    19.63 21.61 02a57396o0633c  0x80000  25.487272
57396.617307 16.182322 0.015993 1222    18 c    0  91.48 196.6049 53.47931  1461.29  2649.06 4.66 3.68 -32.0 -0.425    19.62 21.56 02a57396o0655c  0x80001  27.360574
57424.570390 19.766969      NaN  -12    15 c    0   3.39 196.6049 53.47931  1176.16  3133.78 4.89 3.80 -33.6 -0.411    19.70 21.82 02a57424o0594c   0x0000  25.487272
57424.600165 19.142275      NaN   29    17 c    0   2.68 196.6049 53.47931  1420.15  3721.46 4.58 3.79 -33.4 -0.415    19.68 21.78 02a57424o0635c  0x80000  26.713312
57424.603448 19.026525 0.182989   89    15 c    0   5.06 196.6049 53.47931   260.05  4233.43 4.81 3.77 -40.9 -0.384    19.70 21.78 02a57424o0640c   0x0001  25.487272
57424.613292 19.351140      NaN   18    16 c    0   2.22 196.6049 53.47931   844.83  6137.96 4.32 3.74 -56.2 -0.421    19.67 21.76 02a57424o0655c  0x80000  26.088331
57424.622912 19.169763 0.222715   78    16 c    0   4.29 196.6049 53.47931 10273.05  6151.07 4.09 3.53  76.2 -0.439    19.67 21.77 02a57424o0669c  0x80000  26.088331
57448.499471 18.955691      NaN   32    21 c    0   3.07 196.6049 53.47931 10301.08  3268.36 3.96 3.42  71.5 -0.491    19.31 20.91 02a57448o0419c  0x80000  29.421098
57448.517434 18.767304      NaN   53    20 c    0   3.93 196.6049 53.47931   831.11  3320.93 4.48 3.65 -33.5 -0.417    19.26 20.84 02a57448o0451c  0x80000  28.715867
57448.532206 19.454622      NaN  -18    20 c    0   2.09 196.6049 53.47931  1239.84  6206.92 4.09 3.65 -55.2 -0.434    19.22 20.82 02a57448o0477c  0x80000  28.715867
57448.541659 19.401649      NaN    3    20 c    0   2.67 196.6049 53.47931  1137.12  3923.59 4.46 3.71 -34.9 -0.412    19.19 20.78 02a57448o0493c  0x80000  28.715867
57448.556319 19.351140      NaN  -14    22 c    0   1.99 196.6049 53.47931   995.65  6312.95 4.15 3.73 -52.9 -0.424    19.16 20.74 02a57448o0520c 0x400400  30.143010
57448.573495 19.256669      NaN   -9    24 c    0   1.65 196.6049 53.47931 10451.13  6355.50 4.39 3.67  77.1 -0.429    19.13 20.76 02a57448o0550c   0x0000  31.632278
57449.511688 19.631075      NaN  -21    17 c    0   2.72 196.6049 53.47931  1069.98  3279.37 4.47 3.71 -28.2 -0.426    19.44 21.23 02a57449o0603c   0x0000  26.713312
57449.526054 19.089302      NaN   30    18 c    0   3.60 196.6049 53.47931   998.56  6275.26 4.03 3.53 -54.7 -0.444    19.43 21.17 02a57449o0629c  0x80000  27.360574
57449.535943 19.169763      NaN   24    18 c    0   2.15 196.6049 53.47931  1386.31  3874.66 4.22 3.58 -36.6 -0.435    19.41 21.13 02a57449o0645c  0x80000  27.360574
57449.537396 19.696897      NaN  -15    16 c    0   3.70 196.6049 53.47931   232.17  4388.45 4.33 3.56 -41.9 -0.401    19.42 21.12 02a57449o0648c   0x0000  26.088331
57449.548540 19.302877      NaN   15    18 c    0   5.21 196.6049 53.47931   999.14  6312.29 4.01 3.54 -54.5 -0.444    19.39 21.08 02a57449o0670c  0x80001  27.360574
57449.567659 19.026525      NaN   20    23 c    0   1.65 196.6049 53.47931 10452.78  6354.98 4.14 3.27  80.3 -0.440    19.36 21.06 02a57449o0704c  0x80000  30.880431
57458.489274 19.589310      NaN    5    16 c    0   2.70 196.6049 53.47931  1159.99  3125.40 4.75 3.87 -31.4 -0.408    19.63 21.73 02a57458o0569c 0x400600  26.088331
57458.511328 19.089302      NaN   36    16 c    0   2.94 196.6049 53.47931  1471.23  3725.21 4.29 3.77 -42.0 -0.428    19.64 21.69 02a57458o0609c  0x80000  26.088331
57458.524203 19.367717 0.283962   65    17 c    0   2.17 196.6049 53.47931   889.05  6432.93 4.27 3.77 -53.4 -0.416    19.59 21.66 02a57458o0631c  0x80000  26.713312
57458.526957 19.491430 0.280794   58    15 c    0   4.98 196.6049 53.47931   991.71  6311.22 4.24 3.73 -52.8 -0.424    19.59 21.65 02a57458o0636c  0x80000  25.487272
57458.535753 18.857417      NaN   50    18 c    0   2.51 196.6049 53.47931 10347.99  6442.35 4.37 3.44  88.9 -0.418    19.60 21.64 02a57458o0651c  0x80000  27.360574
57458.548984 19.128787 0.254679   81    19 c    0   3.09 196.6049 53.47931 10445.20  6353.38 4.45 3.48  86.1 -0.425    19.59 21.65 02a57458o0675c   0x0000  28.028575
57488.421056 19.256669      NaN   24    16 c    0   4.54 196.6049 53.47931  1304.72  3222.16 4.61 3.69 -30.7 -0.446    19.56 21.56 02a57488o0362c  0x80000  26.088331
57488.423565 19.076453      NaN   34    17 c    0   3.77 196.6049 53.47931   727.11  6340.37 4.29 3.62 -54.3 -0.431    19.57 21.57 02a57488o0367c  0x80000  26.713312
57488.425116 19.089302      NaN   33    17 c    0   2.33 196.6049 53.47931  1598.54  3812.74 4.47 3.63 -33.9 -0.440    19.59 21.58 02a57488o0370c   0x0000  26.713312
57488.445889 18.978793 0.186793   93    16 c    0   6.31 196.6049 53.47931 10189.11  6332.96 4.39 3.42  78.1 -0.457    19.58 21.59 02a57488o0408c  0x80001  26.088331
57488.454203 19.491430      NaN    4    18 c    0   4.24 196.6049 53.47931   968.10  6305.57 4.32 3.73 -50.3 -0.440    19.51 21.53 02a57488o0423c  0x80000  27.360574
57488.456320 18.836735 0.163885  106    16 c    0   6.41 196.6049 53.47931 10428.83  6349.73 4.50 3.48  77.3 -0.445    19.54 21.54 02a57488o0427c 0x400201  26.088331
57512.351701 18.933071      NaN   43    18 c    0   3.38 196.6049 53.47931  2521.32  4378.77 4.38 3.84 -35.1 -0.430    19.51 21.54 02a57512o0283c   0x0000  27.360574
57512.365512 19.318728      NaN   17    17 c    0   2.73 196.6049 53.47931  2535.60  4410.73 4.36 3.88 -38.4 -0.419    19.52 21.58 02a57512o0311c  0x80000  26.713312
57512.368534 19.436675      NaN    7    18 c    0   2.35 196.6049 53.47931  8034.81  6191.86 4.21 3.66  82.0 -0.432    19.54 21.61 02a57512o0317c  0x80000  27.360574
57512.379422 19.549093      NaN    4    17 c    0   2.16 196.6049 53.47931  8053.38  6077.14 4.47 4.32  33.1 -0.388    19.42 21.59 02a57512o0339c  0x80000  26.713312
57512.380393 19.419021 0.315214   62    18 c    0   2.90 196.6049 53.47931  1263.57  7150.15 4.49 3.85 -55.1 -0.421    19.51 21.60 02a57512o0341c 0x400100  27.360574
57515.352078 18.910912 0.197407   99    18 c    0   5.34 196.6049 53.47931   764.55  8788.20 4.63 3.79 -55.1 -0.435    19.58 21.70 02a57515o0281c  0x80001  27.360574
57515.356282 19.271854      NaN   14    19 c    0   3.58 196.6049 53.47931   286.47  1734.60 5.72 3.83 -31.4 -0.438    19.60 21.70 02a57515o0289c  0x80000  28.028575
57515.363640 19.549093 0.335591   55    17 c    0   3.72 196.6049 53.47931   741.40  8756.93 4.59 3.78 -54.1 -0.435    19.59 21.71 02a57515o0304c  0x80000  26.713312
57515.364607 19.256669      NaN   24    16 c    0   3.29 196.6049 53.47931 10221.97  8770.55 4.86 3.67  82.7 -0.424    19.60 21.72 02a57515o0306c 0x400100  26.088331
57515.366541 19.026525 0.207388   89    17 c    0   4.31 196.6049 53.47931   802.11  8834.33 4.55 3.76 -57.5 -0.442    19.60 21.71 02a57515o0310c  0x80000  26.713312
57515.380358 18.978793      NaN   36    19 c    0   3.15 196.6049 53.47931   827.34  8716.75 4.44 3.73 -55.4 -0.437    19.60 21.68 02a57515o0338c   0x0000  28.028575
57515.381325 19.076453      NaN   37    16 c    0   4.69 196.6049 53.47931 10274.89  8858.89 4.69 3.69  80.6 -0.425    19.60 21.69 02a57515o0340c  0x80000  26.088331
57515.389796 19.038793      NaN   40    16 c    0   6.34 196.6049 53.47931 10297.50  8744.58 4.69 3.60  80.8 -0.433    19.60 21.67 02a57515o0355c   0x0001  26.088331
57515.390764 19.287255      NaN   19    17 c    0   4.66 196.6049 53.47931   784.97  8776.51 4.30 3.69 -56.6 -0.441    19.60 21.66 02a57515o0357c   0x0000  26.713312
57515.399194 19.436675      NaN   10    17 c    0   3.72 196.6049 53.47931 10269.05  8802.76 4.61 3.51  82.5 -0.429    19.61 21.66 02a57515o0374c  0x80000  26.713312
57545.325524 19.212347      NaN   27    16 c    0   3.47 196.6049 53.47931  8171.93  6466.31 4.26 3.69  84.4 -0.436    19.57 21.68 02a57545o0182c   0x0000  26.088331
57545.337161 19.089302      NaN   39    15 c    0   3.48 196.6049 53.47931  8150.85  6427.31 4.46 3.84  80.4 -0.430    19.53 21.70 02a57545o0206c 0x400400  25.487272
57545.340065 19.063754      NaN   38    16 c    0   2.60 196.6049 53.47931  8210.33  6507.69 4.26 3.66  80.6 -0.440    19.58 21.69 02a57545o0212c  0x80000  26.088331
57545.352691 19.569016 0.361912   54    18 c    0   4.52 196.6049 53.47931  8234.79  6393.14 4.17 3.51  84.6 -0.441    19.59 21.67 02a57545o0238c  0x80000  27.360574
57545.362369 18.776955 0.174493  112    18 c    0   4.15 196.6049 53.47931  8188.64  6449.74 4.38 3.77  82.6 -0.433    19.51 21.64 02a57545o0258c 0x400100  27.360574
57549.324279 19.419021      NaN    2    20 c    0   5.15 196.6049 53.47931  9477.70  8085.31 4.36 3.44  82.4 -0.476    19.40 21.20 02a57549o0062c   0x0001  28.715867
57549.326215 19.128787      NaN  -76    27 c    0  15.95 196.6049 53.47931    59.37  8228.04 4.37 3.78 -58.1 -0.407    19.34 21.14 02a57549o0066c 0x400801  33.964703
57549.339384 19.454622      NaN  -41    20 c    0   6.30 196.6049 53.47931    85.25  8108.46 4.35 3.75 -56.3 -0.428    19.36 21.19 02a57549o0093c  0x80001  28.715867
57549.340840 19.401649      NaN   -4    21 c    0   2.13 196.6049 53.47931  9537.02  8166.31 4.50 3.72  80.6 -0.453    19.38 21.27 02a57549o0096c   0x0000  29.421098
57549.349093 19.169763      NaN  -98    26 c    0  13.30 196.6049 53.47931    51.41  8167.38 4.47 3.82 -56.0 -0.410    19.34 21.20 02a57549o0113c 0x400801  33.175308
57549.358353 19.436675 0.338180   61    19 c    0   3.36 196.6049 53.47931  9562.79  8053.12 4.49 3.47  84.5 -0.473    19.42 21.28 02a57549o0132c  0x80000  28.028575
57549.368046 19.454622      NaN  -12    20 c    0   2.67 196.6049 53.47931  9517.16  8107.41 4.54 3.49  83.6 -0.455    19.43 21.31 02a57549o0152c   0x0000  28.715867
57581.280180 19.183773      NaN    5    24 c    0   1.52 196.6049 53.47931  1380.72  5370.79 4.21 3.82 -53.4 -0.450    18.95 20.49 02a57581o0062c  0x80000  31.632278
57581.291743 19.212347      NaN  -22    25 c    0   1.85 196.6049 53.47931  1437.38  5444.58 4.24 3.83 -55.6 -0.464    18.93 20.48 02a57581o0085c  0x80000  32.397547
57581.300745 19.183773      NaN   11    22 c    0   2.47 196.6049 53.47931  1449.39  5326.24 4.22 3.76 -44.7 -0.465    18.93 20.45 02a57581o0103c  0x80000  30.143010
57581.318333 18.978793      NaN    6    29 c    0   1.49 196.6049 53.47931  1414.85  5383.27 4.30 3.79 -46.7 -0.459    18.87 20.39 02a57581o0139c   0x0000  35.575287
57609.262548 19.128787      NaN  -10    27 c    0   2.53 196.6049 53.47931  8357.24  8437.98 4.43 3.68  84.5 -0.464    19.08 20.71 02a57609o0065c  0x82000  33.964703
57609.285126 18.711133      NaN   35    28 c    0   3.48 196.6049 53.47931  8332.18  8397.00 4.52 3.74  87.7 -0.448    19.01 20.65 02a57609o0105c   0x2000  34.764940
57718.637334 19.128787      NaN  -12    27 c    0   1.26 196.6049 53.47931 10212.66  4303.81 4.37 4.12  89.7 -0.399    19.04 21.00 02a57718o0852c  0x82000  33.964703
57718.649873 18.169360      NaN   79    39 c    0   2.92 196.6049 53.47931 10222.72  4343.07 4.44 4.20  85.7 -0.401    18.53 20.34 02a57718o0876c  0x82000  44.108968
57718.660219 17.473643      NaN  -48   124 c    0   1.39 196.6049 53.47931 10165.41  4271.20 5.03 4.78 -86.5 -0.424    17.34 18.40 02a57718o0896c 0x402100 125.700442
57746.600897 16.366853 0.014743 1031    14 c    0 100.48 196.6049 53.47931  2574.13  4072.21 4.38 4.30  87.9 -0.363    19.53 21.70 02a57746o0794c 0x402801  24.911865
57746.612400 19.609992      NaN    4    16 c    0   2.40 196.6049 53.47931  2596.63  4112.26 4.04 3.91  84.3 -0.376    19.63 21.69 02a57746o0816c 0x402100  26.088331
57746.623909 19.766969      NaN  -10    15 c    0   2.28 196.6049 53.47931  2539.11  4033.33 4.36 4.23  85.6 -0.368    19.55 21.68 02a57746o0838c  0x82000  25.487272
57746.635317 19.115465      NaN   28    18 c    0   2.69 196.6049 53.47931  2514.32  4150.00 4.11 3.99  86.9 -0.383    19.43 21.45 02a57746o0860c 0x402400  27.360574
57746.646727 19.318728      NaN   23    15 c    0   2.96 196.6049 53.47931  2562.31  4094.61 4.05 3.93  83.2 -0.383    19.64 21.69 02a57746o0882c  0x82000  25.487272
57750.582246 19.401649      NaN   -4    21 c    0   1.89 196.6049 53.47931  9948.24  2180.03 4.46 4.25  76.1 -0.391    19.49 21.63 02a57750o0591c   0x2000  29.421098
57778.546844 19.569016      NaN  -29    18 c    0   2.85 196.6049 53.47931 10272.54  1893.96 4.06 3.68  64.5 -0.473    19.84 21.90 02a57778o0525c  0x80000  27.360574
57778.557530 19.014394      NaN   39    17 c    0   1.67 196.6049 53.47931 10286.51  1937.08 4.00 3.63  68.3 -0.477    19.85 21.93 02a57778o0544c  0x80000  26.713312
57778.563465 19.549093      NaN    4    17 c    0   2.61 196.6049 53.47931   788.05  1936.87 4.05 3.88 -37.9 -0.409    19.83 21.91 02a57778o0555c  0x80000  26.713312
57778.569664 19.128787      NaN   30    17 c    0   2.44 196.6049 53.47931 10243.66  1863.48 3.99 3.63  68.9 -0.473    19.86 21.94 02a57778o0566c  0x80000  26.713312
57778.576131 19.197966      NaN   31    15 c    0   4.08 196.6049 53.47931   812.45  1978.10 4.01 3.86 -43.4 -0.404    19.81 21.87 02a57778o0577c  0x80000  25.487272
57778.583046 19.569016      NaN   -5    18 c    0   2.49 196.6049 53.47931 10219.75  1984.20 3.97 3.59  70.8 -0.469    19.84 21.89 02a57778o0590c  0x80000  27.360574
57778.588926 19.197966 0.200004   76    14 c    0   5.52 196.6049 53.47931   755.73  1897.15 4.02 3.90 -44.2 -0.403    19.82 21.88 02a57778o0601c  0x80001  24.911865
57778.595863 19.334813      NaN   19    16 c    0   2.08 196.6049 53.47931 10254.42  1925.50 3.95 3.57  71.4 -0.471    19.86 21.90 02a57778o0614c  0x80000  26.088331
57778.601793 19.549093      NaN   10    15 c    0   3.12 196.6049 53.47931   745.40  2013.64 3.99 3.88 -46.2 -0.404    19.84 21.90 02a57778o0625c  0x80000  25.487272
57778.614709 19.841877      NaN   -7    14 c    0   3.14 196.6049 53.47931   780.87  1960.82 3.96 3.85 -40.5 -0.408    19.86 21.91 02a57778o0649c  0x80000  24.911865
57782.551912 19.419021      NaN   17    15 c    0   4.15 196.6049 53.47931  1254.83  2972.06 3.91 3.66  73.9 -0.396    19.85 21.91 02a57782o0692c  0x80000  25.487272
57782.565935 19.652575 0.304006   50    14 c    0   2.32 196.6049 53.47931  1265.18  3014.29 4.00 3.79  73.3 -0.388    19.84 21.97 02a57782o0718c   0x0000  24.911865
57782.580375 19.384550      NaN   22    14 c    0   2.52 196.6049 53.47931  1208.43  2935.31 4.05 3.84  74.5 -0.387    19.84 22.00 02a57782o0744c  0x80000  24.911865
57782.594353 19.743105      NaN    7    13 c    0   2.53 196.6049 53.47931  1199.07  3053.17 4.00 3.76  70.5 -0.395    19.88 22.02 02a57782o0770c   0x0000  24.363929
57782.608381 19.256669      NaN   30    14 c    0   2.98 196.6049 53.47931  1235.16  3000.23 4.00 3.79  72.5 -0.388    19.83 21.94 02a57782o0796c 0x400400  24.911865
57786.532174 18.933071 0.223863   97    20 c    0   7.23 196.6049 53.47931 10476.40  1612.66 3.91 3.49  73.8 -0.459    19.77 21.81 02a57786o0447c 0x400a01  28.715867
57786.550697 18.857417 0.313193  104    30 c    0  13.07 196.6049 53.47931 10497.55  1652.42 3.90 3.52  74.3 -0.463    19.82 21.88 02a57786o0482c 0x400801  36.395069
57786.555605 19.169763      NaN   36    14 c    0   3.05 196.6049 53.47931   994.80  1676.44 3.91 3.83 -59.4 -0.409    19.82 21.89 02a57786o0492c  0x80000  24.911865
57786.559910 19.401649      NaN    9    18 c    0   2.94 196.6049 53.47931 10441.95  1578.49 3.91 3.52  72.1 -0.465    19.73 21.80 02a57786o0500c   0x0000  27.360574
57786.565789 19.351140      NaN   18    16 c    0   3.09 196.6049 53.47931  1021.76  1719.81 3.91 3.84 -63.0 -0.410    19.84 21.93 02a57786o0511c  0x80000  26.088331
57786.572639 19.226921      NaN   29    15 c    0   2.91 196.6049 53.47931 10431.93  1699.16 3.93 3.53  72.1 -0.460    19.85 21.96 02a57786o0524c  0x80000  25.487272
57786.578516 19.696897      NaN   -1    16 c    0   3.36 196.6049 53.47931   962.10  1638.38 3.89 3.82 -54.8 -0.409    19.86 21.97 02a57786o0535c  0x80000  26.088331
57786.585404 19.510313      NaN   -4    19 c    0   2.85 196.6049 53.47931 10468.42  1639.29 3.96 3.56  70.0 -0.455    19.85 21.97 02a57786o0548c 0x400100  28.028575
57786.591367 19.529530 0.348987   56    18 c    0   4.32 196.6049 53.47931   941.32  1754.19 3.89 3.82 -58.0 -0.409    19.58 21.64 02a57786o0559c   0x0000  27.360574
57786.604306 19.696897      NaN    0    16 c    0   2.60 196.6049 53.47931   976.92  1698.94 3.95 3.85 -36.6 -0.404    19.83 21.97 02a57786o0583c   0x0000  26.088331
57806.521077 19.128787      NaN   36    15 c    0   4.00 196.6049 53.47931  2146.18  2976.19 3.90 3.85 -66.3 -0.382    19.75 21.83 02a57806o0566c   0x0000  25.487272
57806.534032 19.212347      NaN   30    15 c    0   2.69 196.6049 53.47931  2161.57  3012.83 3.98 3.92 -77.3 -0.379    19.72 21.83 02a57806o0589c   0x0000  25.487272
57806.554952 19.743105 0.354044   46    15 c    0   5.57 196.6049 53.47931  8381.21  7507.79 4.08 3.62  85.7 -0.414    19.77 21.88 02a57806o0628c   0x0001  25.487272
57806.561199 19.241693      NaN   28    15 c    0   2.15 196.6049 53.47931  2092.84  3051.09 3.86 3.82 -58.5 -0.394    19.78 21.88 02a57806o0639c  0x80000  25.487272
57806.575633 19.589310      NaN    5    16 c    0   2.39 196.6049 53.47931  8352.47  7448.17 4.00 3.50  86.7 -0.422    19.78 21.84 02a57806o0665c  0x80000  26.088331
57834.474120 19.631075      NaN  -11    17 c    0   2.44 196.6049 53.47931  1021.80  4912.83 4.10 3.84  60.9 -0.403    19.04 21.12 02a57834o0407c  0x80000  26.713312
57834.483495 18.776955 0.271434  112    28 c    0  12.77 196.6049 53.47931    51.74  5634.50 4.15 3.88  60.3 -0.368    19.05 21.13 02a57834o0425c 0x400801  34.764940
57834.499194 18.481707      NaN   69    26 c    0  11.38 196.6049 53.47931    62.91  5511.49 4.08 3.78  61.6 -0.388    19.08 21.17 02a57834o0455c 0x400801  33.175308
57834.502813 18.933071      NaN   40    19 c    0   2.74 196.6049 53.47931  9446.39  5490.56 4.03 3.65 -89.7 -0.412    19.10 21.18 02a57834o0462c   0x0000  28.028575
57834.504876 18.921935      NaN   44    18 c    0   3.73 196.6049 53.47931  9504.44  5572.00 4.08 3.72  88.7 -0.407    19.08 21.19 02a57834o0466c 0x400400  27.360574
57834.521327 19.197966      NaN   22    18 c    0   2.35 196.6049 53.47931  9525.57  5456.80 4.02 3.62 -89.1 -0.408    19.05 21.05 02a57834o0496c   0x0000  27.360574
57834.529916 18.867907      NaN   46    19 c    0   3.37 196.6049 53.47931  9489.23  5514.90 4.03 3.75  88.2 -0.402    18.99 20.94 02a57834o0511c  0x80000  28.028575
57838.475438 19.510313 0.342864   57    18 c    0   3.31 196.6049 53.47931  1927.27  1712.11 4.24 4.23   9.5 -0.373    19.01 21.22 02a57838o0422c  0x80000  27.360574
57838.483855 19.454622 0.325721   60    18 c    0   3.29 196.6049 53.47931  8545.42  8689.01 4.45 4.12  82.2 -0.383    19.01 21.22 02a57838o0438c  0x80000  27.360574
57838.503400 19.076453      NaN   28    19 c    0   4.62 196.6049 53.47931  8601.62  8772.23 4.17 3.86  86.0 -0.401    19.05 21.19 02a57838o0475c   0x0000  28.028575
57838.508422 19.271854      NaN   11    20 c    0   2.41 196.6049 53.47931  8629.56  8659.27 4.59 4.28  10.5 -0.372    18.95 21.17 02a57838o0484c   0x0000  28.715867
57838.530237 18.944322      NaN   36    20 c    0   2.83 196.6049 53.47931  8578.60  8712.38 4.11 3.81  80.9 -0.404    19.04 21.12 02a57838o0525c   0x0000  28.715867
57842.464131 19.287255      NaN   16    18 c    0   2.51 196.6049 53.47931  1471.17  5201.61 4.02 3.74  59.8 -0.410    19.06 21.05 02a57842o0384c  0x82000  27.360574
57842.521190 19.631075      NaN  -14    17 c    0   1.68 196.6049 53.47931  1516.81  5215.81 3.99 3.72  63.0 -0.412    19.00 20.97 02a57842o0438c  0x82000  26.713312
57862.454718 19.569016      NaN  -12    18 c    0   3.81 196.6049 53.47931  1168.07  5441.68 3.75 3.60  84.4 -0.428    19.05 20.87 02a57862o0476c  0x80000  27.360574
57862.473247 19.401649      NaN  -20    21 c    0   1.89 196.6049 53.47931  1146.19  5404.01 4.13 3.99  72.4 -0.395    18.78 20.48 02a57862o0514c   0x0000  29.421098
57862.481464 19.271854      NaN   14    19 c    0   3.58 196.6049 53.47931  1202.17  5495.56 3.92 3.80  82.4 -0.405    18.76 20.32 02a57862o0531c  0x80000  28.028575
57862.491810 19.128787      NaN   21    20 c    0   2.55 196.6049 53.47931  1228.89  5377.46 3.86 3.73  75.3 -0.415    18.71 20.18 02a57862o0552c  0x80000  28.715867
57862.503038 19.102305      NaN   17    22 c    0   2.25 196.6049 53.47931  1195.24  5435.66 3.88 3.74  82.8 -0.413    18.66 20.08 02a57862o0575c  0x80000  30.143010
57870.474775 19.419021      NaN   26    12 c    0   3.14 196.6049 53.47931  8964.64  7012.81 2.84 2.40  60.9 -0.488    19.55 20.71 02a57870o0407c   0x0000  23.845357
57870.487920 19.841877      NaN   -2    14 c    0   1.66 196.6049 53.47931  8942.65  6972.02 2.79 2.40  57.9 -0.497    19.51 20.65 02a57870o0432c   0x0000  24.911865
57870.497405 19.841877      NaN    3    13 c    0   3.67 196.6049 53.47931  9000.00  7050.82 2.88 2.47  59.0 -0.492    19.47 20.61 02a57870o0450c   0x0000  24.363929
57870.508551 19.841877      NaN    0    14 c    0   2.75 196.6049 53.47931  9013.00  6936.61 2.91 2.48  59.6 -0.489    19.44 20.56 02a57870o0471c   0x0000  24.911865
57870.521137 19.791368      NaN    5    13 c    0   3.19 196.6049 53.47931  8979.09  6990.70 2.89 2.48  58.0 -0.488    19.41 20.53 02a57870o0495c   0x0000  24.363929
57894.384111 19.510313 0.228576   57    12 c    0   4.36 196.6049 53.47931  8394.76  8095.81 2.87 2.49  74.6 -0.435    19.68 21.51 02a57894o0287c   0x0000  23.845357
57894.395224 19.142275      NaN   38    14 c    0   2.18 196.6049 53.47931  8371.36  8052.76 2.99 2.57  75.3 -0.438    19.59 21.46 02a57894o0308c  0x80000  24.911865
57894.414781 19.589310      NaN   20    11 c    0   1.63 196.6049 53.47931  8432.09  8134.28 2.97 2.60  73.0 -0.434    19.76 21.68 02a57894o0345c   0x0000  23.358104
57894.421632 19.351140      NaN   30    12 c    0   3.30 196.6049 53.47931  8454.99  8014.46 2.84 2.51  74.7 -0.435    19.78 21.59 02a57894o0358c   0x0000  23.845357
57894.442817 19.472870      NaN   20    13 c    0   1.39 196.6049 53.47931  8420.63  8071.23 2.88 2.57  70.2 -0.437    19.65 21.47 02a57894o0398c   0x0000  24.363929
57898.368023 20.009244      NaN   -5    12 c    0   1.50 196.6049 53.47931  8928.53  7126.15 3.11 2.44  71.8 -0.470    19.78 21.68 02a57898o0098c   0x0000  23.845357
57898.398134 20.137125 0.339293   32    10 c    0   2.77 196.6049 53.47931  8915.97  7084.52 3.16 2.47  71.2 -0.458    19.77 21.65 02a57898o0155c   0x0000  22.904171
57898.400236 19.589310      NaN   17    12 c    0   1.15 196.6049 53.47931  8975.17  7165.49 3.17 2.47  72.4 -0.457    19.75 21.64 02a57898o0159c   0x0000  23.845357
57898.415647 16.407627 0.013121  993    12 c    0 239.34 196.6049 53.47931  8986.12  7045.26 3.26 2.55  72.7 -0.447    19.71 21.61 02a57898o0188c   0x0001  23.845357
57898.436356 16.584144 0.012864  844    10 c    0 230.78 196.6049 53.47931  8953.54  7102.20 3.23 2.57  72.1 -0.448    19.67 21.55 02a57898o0227c   0x0001  22.904171
57902.347190 19.271854      NaN   20    17 c    0   0.89 196.6049 53.47931  2042.49  5996.87 2.42 2.34  11.1 -0.468    19.31 20.93 02a57902o0221c   0x0000  26.713312
57902.356924 19.472870      NaN   23    12 c    0   1.74 196.6049 53.47931  2031.85  5958.92 2.43 2.36   9.1 -0.455    19.63 21.37 02a57902o0240c   0x0000  23.845357
57902.375382 19.549093      NaN   19    12 c    0   1.93 196.6049 53.47931  2080.06  6030.13 2.47 2.44  24.2 -0.460    19.74 21.50 02a57902o0276c   0x0000  23.845357
57902.395382 19.894850      NaN    4    12 c    0   0.88 196.6049 53.47931  2103.50  5909.70 2.47 2.45  27.5 -0.455    19.75 21.49 02a57902o0315c   0x0000  23.845357
57902.403050 19.696897      NaN   -9    16 c    0   0.43 196.6049 53.47931  2069.03  5967.62 2.44 2.39   5.9 -0.455    19.76 21.44 02a57902o0330c   0x0000  26.088331
58194.525029 19.841877      NaN   -6    14 c    0   1.26 196.6049 53.47931  9338.68  7331.16 2.54 2.45  51.8 -0.446    19.79 21.66 02a58194o0659c   0x0000  24.911865
58194.534837 19.549093 0.256629   55    13 c    0   0.95 196.6049 53.47931  9314.46  7289.68 2.56 2.43  62.3 -0.438    19.80 21.62 02a58194o0677c   0x0000  24.363929
58194.547510 20.103715 0.361912   33    11 c    0   1.32 196.6049 53.47931  9371.73  7369.97 2.58 2.47  47.8 -0.438    19.75 21.57 02a58194o0696c   0x0000  23.358104
58194.558506 19.894850 0.325721   40    12 c    0   1.49 196.6049 53.47931  9392.41  7253.32 2.61 2.46  49.1 -0.444    19.77 21.54 02a58194o0714c   0x0000  23.845357
58196.492866 19.631075      NaN   -2    17 c    0   1.72 196.6049 53.47931  1506.17  2241.93 2.62 2.34  46.9 -0.425    18.24 20.29 02a58196o0574c   0x0000  26.713312
58196.496515 18.336727 0.336061  168    52 c    0   0.93 196.6049 53.47931  1480.78  2203.91 2.62 2.36  47.5 -0.440    17.91 19.93 02a58196o0582c  0x81000  55.933899
58196.510444 20.207197      NaN   -2    10 c    0   1.26 196.6049 53.47931  1541.98  2280.52 2.55 2.29  48.7 -0.432    19.81 21.89 02a58196o0612c   0x0000  22.904171
58196.516419 16.379565      NaN  137   294 c    0   0.79 196.6049 53.47931  1564.67  2162.32 2.47 2.29  60.3 -0.448    17.27 19.28 02a58196o0625c 0x400802 294.721226
58224.472872 19.922338      NaN  -17    13 c    0   1.73 196.6049 53.47931  9574.87  2489.10 2.59 2.51 -86.7 -0.412    19.42 21.17 02a58224o0144c   0x2000  24.363929
58251.526298 19.719755      NaN   11    12 c    0   1.93 196.6049 53.47931   664.84  2348.23 2.43 2.34  57.7 -0.432    19.55 21.31 02a58251o0631c   0x0000  23.845357
58251.534122 19.766969      NaN    6    13 c    0   0.77 196.6049 53.47931   664.86  2350.38 2.47 2.36  67.7 -0.430    19.52 21.29 02a58251o0646c   0x0000  24.363929
58251.542794 20.103715      NaN   -1    11 c    0   1.11 196.6049 53.47931   664.61  2354.62 2.48 2.41  66.6 -0.419    19.46 21.26 02a58251o0663c   0x0000  23.358104
58251.550845 20.103715      NaN  -12    11 c    0   3.69 196.6049 53.47931   664.44  2357.41 2.54 2.47  76.1 -0.411    19.40 21.18 02a58251o0678c   0x0000  23.358104
58252.500684 19.766969      NaN   15    10 c    0   1.36 196.6049 53.47931   667.13  2339.95 2.37 2.30  46.0 -0.433    19.59 21.30 02a58252o0549c   0x2000  22.904171
58252.514597 20.207197      NaN   -2    10 c    0   1.56 196.6049 53.47931   666.19  2339.90 2.41 2.28  42.4 -0.440    19.55 21.22 02a58252o0575c   0x2000  22.904171
58252.527476 19.367717      NaN   32    11 c    0   1.17 196.6049 53.47931   665.06  2345.30 2.39 2.28  45.7 -0.440    19.53 21.20 02a58252o0599c 0x402800  23.358104
58252.539603 19.454622      NaN   27    11 c    0   1.64 196.6049 53.47931   664.20  2350.40 2.46 2.31  48.0 -0.444    19.43 21.03 02a58252o0622c 0x402800  23.358104
58256.415119 19.609992      NaN   22    10 c    0   1.72 196.6049 53.47931  9643.05  3881.07 2.69 2.55  66.9 -0.426    19.74 21.73 02a58256o0250c   0x2000  22.904171
58256.418782 20.009244      NaN  -11    12 c    0   1.14 196.6049 53.47931  9618.78  3840.64 2.78 2.60  64.4 -0.422    19.72 21.72 02a58256o0258c   0x2000  23.845357
58256.432013 17.707197 0.043429  300    12 c    0  32.04 196.6049 53.47931  9678.61  3920.62 2.72 2.52  60.6 -0.431    19.77 21.73 02a58256o0286c 0x402801  23.845357
58256.439363 19.816329 0.277746   43    11 c    0   6.09 196.6049 53.47931  9702.33  3805.44 2.96 2.72  51.6 -0.428    19.65 21.72 02a58256o0302c 0x402801  23.358104
58280.354948 16.316441      NaN -200   360 c    0   0.87 196.6049 53.47931  1932.80  3445.34 2.40 2.38  44.8 -0.436    15.91 17.46 02a58280o0240c 0x400802 360.589241
58280.368977 18.786693      NaN   21    30 c    0   1.01 196.6049 53.47931  1920.82  3405.55 2.43 2.38  74.2 -0.415    19.10 20.86 02a58280o0270c  0x80000  36.395069
58280.376413 19.631075      NaN   -4    17 c    0   1.21 196.6049 53.47931  1977.04  3479.18 2.39 2.38 -51.0 -0.403    18.96 20.67 02a58280o0286c   0x0000  26.713312
58280.386808 19.950541      NaN    5    11 c    0   1.99 196.6049 53.47931  2003.23  3364.22 2.45 2.37  24.8 -0.407    19.64 21.53 02a58280o0308c   0x0000  23.358104
58284.370842 15.626990 0.007458 2038    14 c    0 817.31 196.6049 53.47931  9267.90  4129.90 2.78 2.68  50.2 -0.415    19.68 21.65 02a58284o0274c   0x0001  24.911865
58284.385749 19.454622      NaN   18    14 c    0   0.94 196.6049 53.47931  9245.44  4092.09 2.70 2.49  52.9 -0.429    19.61 21.40 02a58284o0304c   0x0000  24.911865
58284.393118 19.609992      NaN    4    16 c    0   0.72 196.6049 53.47931  9302.07  4170.36 2.68 2.49  51.9 -0.429    19.48 21.24 02a58284o0320c   0x0000  26.088331
58284.403019 19.631075      NaN  -21    17 c    0   1.30 196.6049 53.47931  9326.54  4056.41 2.76 2.53  54.4 -0.433    19.60 21.43 02a58284o0341c   0x0000  26.713312
58312.304777 20.009244      NaN   -7    12 c    0   0.70 196.6049 53.47931  1688.66  2486.86 2.41 2.35 -64.1 -0.386    19.64 21.36 02a58312o0133c   0x0000  23.845357
58312.314792 19.868040      NaN    2    13 c    0   0.56 196.6049 53.47931  1667.27  2445.88 2.45 2.34  37.4 -0.413    19.53 21.26 02a58312o0154c   0x0000  24.363929
58312.324876 20.009244      NaN    0    12 c    0   0.68 196.6049 53.47931  1724.60  2517.66 2.48 2.34  39.2 -0.417    19.63 21.38 02a58312o0175c   0x0000  23.845357
58312.334830 19.922338 0.334073   39    12 c    0   1.12 196.6049 53.47931  1748.55  2398.85 2.43 2.38  22.1 -0.401    19.56 21.37 02a58312o0196c   0x0000  23.845357
58316.315252 19.841877      NaN  -19    14 c    0   2.02 196.6049 53.47931  9723.90  1941.16 3.20 3.09 -73.6 -0.379    19.28 21.15 02a58316o0156c  0x80000  24.911865
58316.324752 19.454622      NaN  -12    20 c    0   2.31 196.6049 53.47931  9701.40  1897.92 3.34 3.26  55.7 -0.404    19.06 20.80 02a58316o0176c   0x0000  28.715867
58316.338907 19.631075      NaN    6    15 c    0   4.47 196.6049 53.47931  9769.94  1978.60 3.22 3.20  17.0 -0.376    19.30 21.13 02a58316o0206c   0x0000  25.487272
58316.345989 19.472870      NaN   17    14 c    0   2.89 196.6049 53.47931  9783.11  1860.93 3.34 3.18  47.0 -0.393    19.32 21.20 02a58316o0221c  0x80000  24.911865
58344.250167 18.504094      NaN   54    30 c    0   1.17 196.6049 53.47931   522.64  1240.07 2.74 2.67  66.3 -0.441    18.93 20.42 02a58344o0042c  0x80000  36.395069
58344.258134 19.510313      NaN   -4    19 c    0   0.96 196.6049 53.47931   498.74  1202.39 2.70 2.54  83.6 -0.460    19.16 20.77 02a58344o0059c   0x0000  28.028575
58344.266107 19.197966 0.257148   76    18 c    0   1.76 196.6049 53.47931 10476.87  1231.00 2.74 2.71  60.8 -0.404    19.38 21.07 02a58344o0076c   0x0000  27.360574
58344.267020 19.841877      NaN   -6    14 c    0   0.79 196.6049 53.47931   556.92  1277.70 2.53 2.39 -89.3 -0.453    19.27 20.90 02a58344o0078c   0x0000  24.911865
58344.275078 18.396507 0.116085  159    17 c    0   9.25 196.6049 53.47931 10452.44  1189.70 2.66 2.55 -31.8 -0.401    19.41 21.03 02a58344o0095c 0x400801  26.713312
58344.275993 19.454622      NaN    9    17 c    0   0.99 196.6049 53.47931   581.14  1153.24 2.72 2.46  40.3 -0.476    19.33 20.84 02a58344o0097c   0x0000  26.713312
58344.284308 16.338786      NaN  206   284 c    0   0.14 196.6049 53.47931 10521.04  1272.34 2.67 2.52 -29.6 -0.411    19.09 20.72 02a58344o0114c 0x400802 284.746556
58520.635474 20.207197      NaN   -4    10 c    0   3.37 196.6049 53.47931  2829.34  6256.30 2.46 2.43 -32.6 -0.424    19.89 22.14 02a58520o0214c   0x0000  22.904171
58520.645313 20.207197      NaN    0    10 c    0   1.49 196.6049 53.47931  2805.28  6217.51 2.49 2.35  26.8 -0.435    19.83 22.09 02a58520o0235c   0x0000  22.904171
58520.655405 19.841877      NaN    9    11 c    0   1.79 196.6049 53.47931  2860.41  6292.49 2.70 2.53  45.4 -0.432    19.74 22.01 02a58520o0256c 0x400800  23.358104
58520.665167 19.922338      NaN   -5    13 c    0   3.27 196.6049 53.47931  2880.62  6173.40 2.62 2.49  26.7 -0.426    19.59 21.34 02a58520o0277c   0x0000  24.363929
58576.521196 19.609992      NaN   10    14 c    0   1.13 196.6049 53.47931  6851.50  8182.33 2.50 2.42  50.5 -0.406    19.76 21.80 02a58576o0642c   0x0000  24.911865
58576.540275 19.696897 0.271434   48    12 c    0   1.19 196.6049 53.47931  6823.38  8141.98 2.50 2.45 -60.8 -0.408    19.75 21.76 02a58576o0683c   0x0000  23.845357
58576.551697 16.983968 0.018591  584    10 c    0 173.49 196.6049 53.47931  6881.75  8221.63 2.57 2.45 -54.6 -0.423    19.74 21.76 02a58576o0707c   0x0001  22.904171
58576.560904 20.103715      NaN  -24    11 c    0   1.23 196.6049 53.47931  6903.58  8103.17 2.57 2.41 -49.4 -0.415    19.69 21.71 02a58576o0727c   0x0000  23.358104
58580.497504 20.009244      NaN  -16    12 c    0   1.04 196.6049 53.47931  6084.56  6233.29 2.56 2.28  38.5 -0.388    19.69 21.46 02a58580o0590c   0x2000  23.845357
58580.511591 20.009244      NaN  -10    12 c    0   2.00 196.6049 53.47931  6062.24  6193.98 2.47 2.34  42.4 -0.402    19.62 21.41 02a58580o0620c 0x402800  23.845357
58580.516173 19.816329      NaN   10    11 c    0   0.88 196.6049 53.47931  6117.92  6270.39 2.49 2.34  40.9 -0.405    19.62 21.39 02a58580o0630c   0x2000  23.358104
58580.527470 20.009244      NaN  -20    12 c    0   2.29 196.6049 53.47931  6140.42  6155.25 2.55 2.46  49.0 -0.403    19.58 21.35 02a58580o0654c 0x402800  23.845357
58604.447978 19.922338      NaN  -13    13 c    0   1.29 196.6049 53.47931  4994.30  2355.43 2.46 2.41 -74.0 -0.398    19.53 21.62 02a58604o0390c   0x0000  24.363929
58604.451647 20.009244      NaN   -5    12 c    0   1.92 196.6049 53.47931  4969.84  2315.91 2.42 2.36 -52.3 -0.405    19.55 21.63 02a58604o0398c   0x0000  23.845357
58604.464734 19.719755      NaN   11    12 c    0   1.07 196.6049 53.47931  5026.50  2394.83 2.49 2.42 -58.2 -0.406    19.54 21.51 02a58604o0426c   0x0000  23.845357
58604.472973 19.589310      NaN   17    12 c    0   2.75 196.6049 53.47931  5049.45  2275.07 2.43 2.29 -57.1 -0.405    19.55 21.51 02a58604o0444c 0x400800  23.845357
58612.373240 20.071303      NaN    4    10 c    0   1.68 196.6049 53.47931  6341.78  5195.67 2.49 2.27  36.3 -0.400    19.75 21.56 02a58612o0307c   0x2000  22.904171
58612.375069 19.696897 0.226195   48    10 c    0   5.04 196.6049 53.47931  6322.06  5156.63 2.42 2.27  41.9 -0.402    19.77 21.56 02a58612o0311c 0x402801  22.904171
58612.380588 19.302877      NaN   30    13 c    0   2.10 196.6049 53.47931  6377.82  5233.98 2.41 2.24  42.1 -0.405    19.79 21.55 02a58612o0323c 0x402800  24.363929
58612.397200 19.674510      NaN   19    10 c    0   2.09 196.6049 53.47931  6394.11  5118.88 2.51 2.28  34.2 -0.402    19.76 21.55 02a58612o0359c   0x2000  22.904171
58636.377175 20.009244      NaN    3    11 c    0   1.05 196.6049 53.47931  5086.45  1395.41 2.46 2.38 -83.7 -0.405    19.66 21.55 02a58636o0316c   0x0000  23.358104
58636.382334 20.207197      NaN   -7    10 c    0   1.46 196.6049 53.47931  5066.84  1361.69 2.46 2.24 -58.5 -0.417    19.69 21.54 02a58636o0327c   0x0000  22.904171
58636.385897 19.922338      NaN    0    13 c    0   1.02 196.6049 53.47931  5116.51  1438.64 2.34 2.27 -80.0 -0.416    19.68 21.53 02a58636o0334c   0x0000  24.363929
58636.397336 19.510313      NaN   12    15 c    0   0.91 196.6049 53.47931  5146.82  1314.67 2.43 2.29 -68.4 -0.415    19.66 21.51 02a58636o0358c   0x0000  25.487272
58664.264439 19.841877      NaN   -6    14 c    0   1.01 196.6049 53.47931  1418.27  9841.04 2.58 2.03 -47.1 -0.446    19.72 21.34 02a58664o0060c   0x0000  24.911865
58664.267717 19.743105      NaN   10    12 c    0   0.68 196.6049 53.47931  1398.06  9801.91 2.55 2.09 -46.8 -0.446    19.73 21.44 02a58664o0067c  0x80000  23.845357
58664.273332 19.549093 0.236888   55    12 c    0   2.38 196.6049 53.47931  1450.00  9876.34 2.58 2.06 -44.5 -0.452    19.76 21.48 02a58664o0079c 0x400800  23.845357
58664.285545 20.009244      NaN   -6    12 c    0   0.91 196.6049 53.47931  1464.42  9753.12 2.39 2.16 -47.4 -0.459    19.73 21.49 02a58664o0105c   0x0000  23.845357
58668.333564 19.652575      NaN    8    14 c    0   1.07 196.6049 53.47931  3751.89  3155.00 2.57 2.25  42.7 -0.410    19.65 21.46 02a58668o0202c   0x0000  24.911865
58668.336875 19.454622      NaN   27    11 c    0   4.02 196.6049 53.47931  3730.82  3116.19 2.56 2.29  46.6 -0.416    19.63 21.45 02a58668o0209c   0x0000  23.358104
58668.342572 19.652575      NaN   17    11 c    0   1.31 196.6049 53.47931  3789.83  3192.24 2.55 2.30  43.7 -0.407    19.63 21.42 02a58668o0221c   0x0000  23.358104
58668.354257 20.009244      NaN  -14    12 c    0   0.73 196.6049 53.47931  3808.37  3074.65 2.61 2.37  42.6 -0.407    19.54 21.37 02a58668o0246c   0x0000  23.845357
58692.272520 19.674510      NaN   13    12 c    0   0.81 196.6049 53.47931  5687.92  3532.88 2.62 2.55  39.2 -0.389    19.57 21.56 02a58692o0083c  0x80000  23.845357
58692.275502 19.950541      NaN    8    10 c    0   1.65 196.6049 53.47931  5667.86  3495.89 2.54 2.40 -56.6 -0.391    19.60 21.55 02a58692o0089c   0x0000  22.904171
58692.280834 20.103715      NaN   -8    11 c    0   1.49 196.6049 53.47931  5727.02  3567.88 2.49 2.42  48.0 -0.392    19.64 21.52 02a58692o0100c   0x0000  23.358104
58692.291229 19.609992      NaN   10    14 c    0   0.53 196.6049 53.47931  5747.74  3450.46 2.48 2.43  65.3 -0.393    19.61 21.46 02a58692o0122c   0x0000  24.911865
58700.274553 19.766969      NaN   -3    15 c    0   1.02 196.6049 53.47931   495.37  5592.39 2.39 2.22 -48.4 -0.390    19.47 20.90 02a58700o0095c   0x0000  25.487272
58700.277795 19.212347      NaN   15    20 c    0   0.40 196.6049 53.47931   475.84  5555.28 2.43 2.24 -47.4 -0.400    19.41 20.88 02a58700o0102c   0x0000  28.715867
58700.283835 19.841877      NaN   -8    14 c    0   1.06 196.6049 53.47931   533.22  5631.31 2.49 2.33 -45.8 -0.386    19.38 20.89 02a58700o0115c   0x0000  24.911865
58700.289018 19.351140      NaN   -7    22 c    0   1.32 196.6049 53.47931 10159.26  5623.73 2.73 2.66  16.3 -0.405    18.93 20.46 02a58700o0126c 0x400100  30.143010
58700.292303 18.978793      NaN  -64    31 c    0   0.76 196.6049 53.47931 10139.12  5583.08 2.78 2.65  21.2 -0.406    18.17 19.47 02a58700o0133c  0x80000  37.223662
58700.294154 19.089302      NaN   12    24 c    0   0.89 196.6049 53.47931   553.53  5513.10 2.54 2.39 -49.8 -0.388    18.72 20.19 02a58700o0137c  0x80000  31.632278
58700.297851 19.436675      NaN   19    14 c    0   1.76 196.6049 53.47931 10196.88  5665.90 2.70 2.63   8.0 -0.402    19.41 20.93 02a58700o0145c   0x0000  24.911865
58700.309989 19.271854      NaN   29    14 c    0   1.37 196.6049 53.47931 10216.80  5552.02 2.67 2.59 -24.8 -0.416    19.46 21.01 02a58700o0171c   0x0000  24.911865
58708.271971 18.921935      NaN    5    31 c    0   1.22 196.6049 53.47931  1011.62  1678.20 2.57 2.34  51.9 -0.425    17.99 18.84 02a58708o0102c  0x80000  37.223662
58708.275199 18.136622      NaN   64    46 c    0   0.82 196.6049 53.47931   990.38  1644.37 2.46 2.27  58.0 -0.416    17.98 18.87 02a58708o0109c   0x0000  50.404375
58708.280888 18.214605      NaN   62    42 c    0   0.95 196.6049 53.47931  1055.90  1713.12 2.65 2.30 -56.9 -0.410    17.97 18.83 02a58708o0121c  0x80000  46.782486
58708.291111 18.237955      NaN   19    55 c    0   0.60 196.6049 53.47931  1073.19  1611.61 2.46 2.27  59.2 -0.431    17.90 18.72 02a58708o0142c   0x0000  58.733304
58816.597841 16.135373 0.010211 1276    12 c    0 478.34 196.6049 53.47931  4242.98  5399.04 2.68 2.42  36.0 -0.377    19.49 21.28 02a58816o0883c 0x400801  23.845357
58816.601687 19.922338      NaN    3    12 c    0   1.17 196.6049 53.47931  4262.35  5437.09 2.87 2.64  29.5 -0.368    19.42 21.28 02a58816o0891c   0x0000  23.845357
58816.607948 19.491430      NaN   10    16 c    0   1.10 196.6049 53.47931  4203.04  5358.84 2.68 2.52  36.4 -0.385    19.49 21.31 02a58816o0904c   0x0000  26.088331
58816.619101 20.009244      NaN   -4    12 c    0   1.34 196.6049 53.47931  4179.79  5474.34 2.72 2.56  29.3 -0.376    19.52 21.35 02a58816o0926c   0x0000  23.845357
58872.582815 20.171596 0.350237   31    10 c    0   2.33 196.6049 53.47931  6835.62  7414.58 2.66 2.50  51.5 -0.405    19.84 22.07 02a58872o0820c   0x0000  22.904171
58872.586838 16.528968 0.012227  888    10 c    0 245.55 196.6049 53.47931  6850.96  7451.47 2.99 2.45  42.9 -0.389    19.79 22.08 02a58872o0827c 0x400801  22.904171
58872.594039 19.589310 0.225341   53    11 c    0   2.08 196.6049 53.47931  6795.20  7371.50 2.68 2.52  50.6 -0.407    19.83 22.07 02a58872o0840c   0x0000  23.358104
58872.604043 19.367717      NaN   32    11 c    0   1.21 196.6049 53.47931  6776.61  7494.25 2.69 2.48  49.7 -0.408    19.83 22.04 02a58872o0860c   0x0000  23.358104
58884.591939 19.384550      NaN   31    11 c    0   0.95 196.6049 53.47931  7467.64  3532.50 2.44 2.30 -79.1 -0.397    19.80 21.98 02a58884o0823c   0x0000  23.358104
58884.594771 19.491430      NaN   25    11 c    0   0.60 196.6049 53.47931  7485.35  3574.45 2.43 2.27 -77.5 -0.399    19.84 21.99 02a58884o0829c   0x0000  23.358104
58884.600171 19.743105      NaN   10    12 c    0   0.95 196.6049 53.47931  3164.02  7077.35 2.30 2.13 -46.7 -0.419    19.90 21.99 02a58884o0840c   0x0000  23.845357
58884.610146 19.719755      NaN   11    12 c    0   0.91 196.6049 53.47931  3176.48  6959.47 2.27 2.18 -36.9 -0.415    19.86 21.98 02a58884o0861c   0x0000  23.845357
58900.515520 19.894850      NaN    7    11 c    0   1.52 196.6049 53.47931   414.89  4965.28 2.55 2.46 -68.3 -0.392    19.75 21.94 02a58900o0622c 0x400800  23.358104
58900.518612 19.631075      NaN   18    11 c    0   1.19 196.6049 53.47931   436.30  5006.40 2.91 2.88  74.4 -0.371    19.54 21.92 02a58900o0628c   0x0000  23.358104
58900.523464 19.491430      NaN   22    12 c    0   3.75 196.6049 53.47931   381.01  4921.45 2.97 2.73 -55.6 -0.379    19.57 21.91 02a58900o0637c 0x400800  23.845357
58900.534828 20.009244      NaN    0    12 c    0   2.01 196.6049 53.47931   360.28  5037.98 3.23 2.94 -59.0 -0.378    19.46 21.77 02a58900o0660c   0x0000  23.845357
58900.549270 18.356290 0.078963  165    12 c    0   8.86 196.6049 53.47931   479.22  5599.13 3.02 2.58 -57.3 -0.374    19.43 21.70 02a58900o0690c   0x0001  23.845357
58900.551099 19.950541      NaN    8    10 c    0   6.97 196.6049 53.47931   460.69  5564.57 2.99 2.55 -54.4 -0.365    19.62 21.83 02a58900o0694c 0x400801  22.904171
58900.555456 19.922338      NaN    9    10 c    0   1.67 196.6049 53.47931 10063.89  4940.42 3.00 2.91  40.6 -0.386    19.64 21.90 02a58900o0703c   0x0000  22.904171
58900.564627 19.472870      NaN   29    10 c    0   1.97 196.6049 53.47931   535.26  5522.89 3.22 2.94 -50.4 -0.371    19.50 21.82 02a58900o0721c   0x0000  22.904171
58932.474063 19.529530      NaN   20    12 c    0   0.87 196.6049 53.47931  1213.46  7217.72 2.48 2.17 -53.9 -0.438    19.73 21.75 02a58932o0547c   0x0000  23.845357
58932.477281 19.922338 0.306233   39    11 c    0   2.07 196.6049 53.47931  1193.64  7178.28 2.57 2.21 -54.1 -0.445    19.74 21.75 02a58932o0554c   0x0000  23.358104
58932.484158 19.367717      NaN   32    11 c    0   1.34 196.6049 53.47931  1250.51  7253.99 2.71 2.38 -52.6 -0.427    19.67 21.75 02a58932o0569c   0x0000  23.358104
58932.494724 19.510313      NaN   24    11 c    0   2.68 196.6049 53.47931  1269.51  7134.06 2.55 2.27 -50.2 -0.427    19.72 21.69 02a58932o0592c 0x400800  23.358104
58956.442466 19.894850      NaN    7    11 c    0   1.40 196.6049 53.47931  8809.56  9938.30 3.08 2.69 -60.1 -0.379    19.71 21.78 02a58956o0451c   0x0000  23.358104
58956.445323 19.529530      NaN   20    12 c    0   1.13 196.6049 53.47931  8791.27  9897.71 3.12 2.75 -60.2 -0.376    19.72 21.78 02a58956o0457c   0x0000  23.845357
58956.452033 19.652575      NaN   20    10 c    0   3.61 196.6049 53.47931  8843.92  9977.63 3.06 2.70 -60.6 -0.377    19.70 21.77 02a58956o0471c   0x0000  22.904171
58956.463040 20.009244      NaN  -17    12 c    0   2.71 196.6049 53.47931  8860.92  9861.22 3.12 2.72 -60.5 -0.378    19.68 21.75 02a58956o0494c  0x80000  23.845357
58960.483704 19.436675      NaN   25    12 c    0   0.94 196.6049 53.47931  8802.54  9931.30 2.69 2.60  67.3 -0.395    19.73 21.60 02a58960o0483c   0x0000  23.845357
58960.486485 19.631075      NaN   15    12 c    0   1.09 196.6049 53.47931  8783.79  9890.53 2.70 2.61  78.6 -0.390    19.72 21.61 02a58960o0489c   0x0000  23.845357
58960.496187 19.841877      NaN   -3    14 c    0   1.40 196.6049 53.47931  8838.76  9974.12 2.71 2.52 -60.2 -0.386    19.78 21.59 02a58960o0510c   0x0000  24.911865
58960.508326 20.009244      NaN    0    12 c    0   1.23 196.6049 53.47931  8854.24  9854.88 2.70 2.54 -58.9 -0.390    19.75 21.53 02a58960o0536c   0x0000  23.845357
58964.406634 19.569016      NaN   24    10 c    0   2.11 196.6049 53.47931  4360.97  5283.88 2.39 2.36   2.4 -0.397    19.58 21.48 02a58964o0374c   0x0000  22.904171
58964.409836 20.009244      NaN  -15    12 c    0   2.69 196.6049 53.47931  4341.17  5243.30 2.59 2.55  23.1 -0.389    19.47 21.38 02a58964o0381c   0x0000  23.845357
58964.415782 19.454622      NaN   12    16 c    0   1.33 196.6049 53.47931  4398.77  5322.56 2.47 2.41 -52.1 -0.403    19.19 20.99 02a58964o0394c   0x0000  26.088331
58964.429126 19.367717      NaN   23    14 c    0   2.51 196.6049 53.47931  4419.54  5208.78 2.69 2.67 -34.4 -0.389    19.21 21.14 02a58964o0423c  0x80000  24.911865
58984.369922 19.051202 0.112318   87     9 c    0   4.24 196.6049 53.47931  8234.24  5145.44 2.40 2.36  65.2 -0.398    19.78 21.69 02a58984o0217c   0x2000  22.485574
58984.373123 19.922338      NaN    0    13 c    0   5.78 196.6049 53.47931  8214.97  5106.07 2.43 2.36  66.9 -0.398    19.78 21.69 02a58984o0224c 0x402801  24.363929
58984.379989 19.549093 0.197407   55    10 c    0   3.33 196.6049 53.47931  8271.73  5183.64 2.45 2.36  47.0 -0.392    19.81 21.68 02a58984o0239c 0x402800  22.904171
58984.390088 19.401649      NaN   30    11 c    0   0.93 196.6049 53.47931  8291.95  5067.04 2.45 2.33  46.8 -0.393    19.81 21.65 02a58984o0261c   0x2000  23.358104
58988.377164 19.791368      NaN   11    11 c    0   1.82 196.6049 53.47931  3015.31  1521.99 2.45 2.38 -79.1 -0.411    19.70 21.63 02a58988o0310c   0x0000  23.358104
58988.380371 20.137125      NaN    5     9 c    0   1.83 196.6049 53.47931  2993.59  1479.86 2.48 2.39  47.3 -0.411    19.69 21.63 02a58988o0317c   0x0000  22.485574
58988.385892 19.589310      NaN   20    11 c    0   2.37 196.6049 53.47931  3056.29  1559.04 2.52 2.37 -58.8 -0.413    19.66 21.62 02a58988o0329c 0x400800  23.358104
58988.396077 19.454622      NaN   24    12 c    0   1.10 196.6049 53.47931  3075.86  1438.99 2.49 2.37 -64.1 -0.408    19.69 21.58 02a58988o0351c   0x0000  23.845357
58992.330918 19.549093      NaN   19    12 c    0   0.74 196.6049 53.47931  3014.99  1527.75 2.39 2.31  41.1 -0.413    19.77 21.77 02a58992o0209c   0x0000  23.845357
58992.334118 17.747755 0.033812  289     9 c    0  59.15 196.6049 53.47931  2994.66  1489.04 2.37 2.33  36.5 -0.418    19.76 21.77 02a58992o0216c   0x0001  22.485574
58992.340075 20.009244      NaN    9     9 c    0   0.97 196.6049 53.47931  3055.67  1564.75 2.41 2.32  34.0 -0.413    19.78 21.76 02a58992o0229c   0x0000  22.485574
58992.350596 19.841877      NaN   12    10 c    0   2.55 196.6049 53.47931  3077.62  1444.34 2.47 2.39  50.6 -0.407    19.69 21.73 02a58992o0252c   0x0000  22.904171
59011.349557 19.766969 0.241275   45    10 c    0   3.67 196.6049 53.47931  6296.78  5184.65 2.94 2.74  37.3 -0.378    19.62 21.83 02a59011o0231c 0x402800  22.904171
59011.355103 16.913780 0.017428  623    10 c    0 144.80 196.6049 53.47931  6280.26  5152.08 2.80 2.64  28.7 -0.391    19.64 21.81 02a59011o0243c 0x402801  22.904171
59011.366631 19.894850      NaN   10    10 c    0   1.52 196.6049 53.47931  6337.84  5221.48 2.77 2.58  34.0 -0.384    19.67 21.80 02a59011o0268c   0x2000  22.904171
59011.372220 19.401649      NaN   30    11 c    0   2.44 196.6049 53.47931  6356.35  5108.19 3.02 2.98  68.9 -0.373    19.52 21.79 02a59011o0280c 0x402800  23.358104
59015.303067 20.103715      NaN    6     9 c    0   1.53 196.6049 53.47931  6300.36  5188.34 2.47 2.39  53.6 -0.405    19.77 21.82 02a59015o0133c   0x0000  22.485574
59015.306315 20.103715      NaN  -20    11 c    0   1.45 196.6049 53.47931  6277.77  5147.22 2.77 2.36  36.1 -0.388    19.77 21.80 02a59015o0140c   0x0000  23.358104
59015.313224 20.103715      NaN    6     9 c    0   1.11 196.6049 53.47931  6337.98  5226.33 2.53 2.45  38.9 -0.400    19.75 21.82 02a59015o0155c   0x0000  22.485574
59015.323796 19.816329      NaN   16     9 c    0   1.21 196.6049 53.47931  6355.28  5108.31 2.59 2.32  35.3 -0.398    19.78 21.80 02a59015o0178c   0x0000  22.485574
59020.297967 17.574501      NaN -250   113 c    0   2.66 196.6049 53.47931  5089.29  9544.81 2.56 2.53 -89.9 -0.384    17.60 19.15 02a59020o0061c   0x0000 114.863402
59020.301746 18.836735      NaN   28    26 c    0   0.85 196.6049 53.47931  5070.18  9505.74 2.64 2.58  73.6 -0.389    18.96 20.66 02a59020o0069c   0x0000  33.175308
59020.309086 18.376212      NaN   33    43 c    0   0.79 196.6049 53.47931  5124.17  9582.65 2.54 2.50  64.9 -0.388    18.37 20.05 02a59020o0085c  0x80000  47.682293
59020.321991 19.569016      NaN    3    17 c    0   7.38 196.6049 53.47931  5142.85  9463.27 2.48 2.43  72.3 -0.399    19.18 20.96 02a59020o0113c   0x0001  26.713312
59040.259183 19.302877      NaN   21    16 c    0   1.38 196.6049 53.47931  5062.41  1402.59 2.60 2.52 -77.9 -0.398    19.17 20.60 02a59040o0035c   0x0000  26.088331
59040.262401 20.009244      NaN   -5    12 c    0   1.00 196.6049 53.47931  5042.32  1362.62 2.59 2.46  64.8 -0.397    19.41 21.06 02a59040o0042c   0x0000  23.845357
59040.267917 20.071303      NaN    1    11 c    0   1.00 196.6049 53.47931  5103.68  1439.47 2.63 2.56  77.3 -0.389    19.54 21.45 02a59040o0054c   0x0000  23.358104
59040.280116 19.868040      NaN    8    11 c    0   1.80 196.6049 53.47931  5122.16  1320.18 2.83 2.72  63.9 -0.383    19.50 21.52 02a59040o0080c   0x0000  23.358104
59044.301450 19.894850      NaN    7    11 c    0   1.09 196.6049 53.47931  7090.17  1319.55 2.43 2.32 -74.0 -0.400    19.61 21.56 02a59044o0124c   0x0000  23.358104
59044.305584 19.631075      NaN   15    12 c    0   0.84 196.6049 53.47931  7072.53  1283.28 2.52 2.34 -60.2 -0.403    19.62 21.65 02a59044o0133c   0x0000  23.845357
59044.311103 19.719755 0.277209   47    12 c    0   2.37 196.6049 53.47931  7134.80  1361.69 2.47 2.27 -59.2 -0.407    19.64 21.63 02a59044o0145c   0x0000  23.845357
59044.321746 20.009244 0.361912   36    12 c    0   3.25 196.6049 53.47931  7154.80  1239.98 2.62 2.50 -63.7 -0.402    19.60 21.66 02a59044o0168c 0x400800  23.845357
59048.283688 19.841877 0.310210   42    12 c    0   1.19 196.6049 53.47931  7100.93  1323.41 2.44 2.35  70.7 -0.395    19.62 21.44 02a59048o0090c   0x2000  23.845357
59048.287832 19.766969 0.289530   45    12 c    0   1.69 196.6049 53.47931  7079.22  1283.86 2.43 2.30  84.2 -0.397    19.56 21.35 02a59048o0099c 0x402800  23.845357
59048.294746 19.950541 0.342864   38    12 c    0   1.31 196.6049 53.47931  7137.02  1359.59 2.52 2.34  60.0 -0.390    19.49 21.35 02a59048o0114c   0x2000  23.845357
59048.305326 18.125925 0.058545  204    11 c    0  19.98 196.6049 53.47931  7162.77  1241.70 2.44 2.30  60.7 -0.397    19.64 21.53 02a59048o0137c   0x2001  23.358104
59206.482272 19.652575      NaN    8    14 c    0   2.25 196.6049 53.47931  1007.13  1652.69 3.27 3.03  55.1 -0.403    19.17 21.11 01a59206o0606c  0x80000  24.911865
59206.494824 19.841877      NaN   -3    14 c    0   2.47 196.6049 53.47931   983.44  1613.32 3.10 2.96  78.2 -0.394    19.36 21.46 01a59206o0633c   0x0000  24.911865
59206.502718 19.491430      NaN   16    14 c    0   1.51 196.6049 53.47931  1042.81  1689.59 2.96 2.88  50.6 -0.392    19.42 21.53 01a59206o0650c   0x0000  24.911865
59206.508273 19.841877      NaN    6    12 c    0   2.02 196.6049 53.47931  1061.65  1572.04 3.00 2.87  71.0 -0.391    19.45 21.61 01a59206o0662c   0x0000  23.845357
59208.641254 19.491430      NaN   25    11 c    0   0.94 196.6049 53.47931  1801.49  3285.57 2.51 2.40  59.9 -0.410    19.71 21.67 02a59208o0965c 0x400800  23.358104
59208.646771 19.979496      NaN    1    12 c    0   1.94 196.6049 53.47931  1823.17  3325.73 2.48 2.39  80.9 -0.411    19.71 21.68 02a59208o0977c   0x0000  23.845357
59208.665182 19.766969      NaN   -7    15 c    0   0.96 196.6049 53.47931  1765.06  3248.14 2.48 2.38  64.5 -0.409    19.41 20.82 02a59208o1017c   0x0000  25.487272
59208.671607 19.014394      NaN  -76    30 c    0   0.70 196.6049 53.47931  1748.82  3361.95 2.52 2.41  59.7 -0.407    18.41 19.32 02a59208o1031c   0x0000  36.395069
59226.597007 20.207197 0.361912   30    10 c    0   1.21 196.6049 53.47931  1230.60  7206.93 2.66 2.45 -68.8 -0.382    19.83 22.24 01a59226o0830c   0x0000  22.904171
59226.598870 19.950541      NaN   11     9 c    0   2.39 196.6049 53.47931  1212.80  7167.35 3.30 3.10 -60.5 -0.348    19.56 22.24 01a59226o0834c  0x80000  22.485574
59226.601638 19.674510      NaN   22     9 c    0   4.43 196.6049 53.47931  1270.51  7242.59 3.16 2.94 -72.2 -0.362    19.60 22.24 01a59226o0840c 0x400800  22.485574
59226.614488 19.652575      NaN   20    10 c    0   2.06 196.6049 53.47931  1290.41  7127.23 3.29 3.04 -57.8 -0.350    19.62 22.26 01a59226o0867c   0x0000  22.904171
59228.628812 19.979496      NaN    1    12 c    0   0.99 196.6049 53.47931   928.31  7127.33 2.42 2.38  71.7 -0.428    19.76 21.89 02a59228o0863c   0x2000  23.845357
59228.632018 20.207197      NaN  -21    10 c    0   1.32 196.6049 53.47931   947.86  7167.39 2.42 2.38  61.5 -0.421    19.75 21.89 02a59228o0870c 0x402800  22.904171
59228.634778 20.103715      NaN  -10    11 c    0   1.15 196.6049 53.47931   888.99  7085.82 2.42 2.39  63.8 -0.431    19.71 21.88 02a59228o0876c   0x2000  23.358104
59228.652571 19.979496      NaN    1    12 c    0   0.85 196.6049 53.47931   872.53  7205.61 2.43 2.39  54.0 -0.424    19.78 21.89 02a59228o0914c 0x402800  23.845357
59230.554746 19.922338      NaN    9    10 c    0   4.60 196.6049 53.47931  1232.00  7201.27 2.81 2.42 -81.6 -0.407    19.80 22.09 01a59230o0767c   0x0000  22.904171
59230.557969 20.009244      NaN    6    10 c    0   1.85 196.6049 53.47931  1213.49  7161.66 2.94 2.64 -81.5 -0.392    19.72 22.11 01a59230o0774c   0x0000  22.904171
59230.560730 20.103715      NaN   -4    11 c    0   7.08 196.6049 53.47931  1269.21  7239.50 2.76 2.43 -82.6 -0.403    19.82 22.14 01a59230o0780c 0x400801  23.358104
59230.565903 19.816329      NaN   10    11 c    0   0.92 196.6049 53.47931  1290.08  7120.05 2.70 2.37 -77.9 -0.402    19.83 22.17 01a59230o0791c   0x0000  23.358104
59254.566313 20.207197      NaN  -16    10 c    0   1.23 196.6049 53.47931  8827.12  9899.35 3.04 2.74 -83.7 -0.330    19.71 22.21 01a59254o0775c   0x0000  22.904171
59254.568153 19.589310      NaN   20    11 c    0   0.99 196.6049 53.47931  8812.31  9855.19 2.76 2.54 -89.0 -0.350    19.78 22.21 01a59254o0779c   0x0000  23.358104
59254.570927 19.652575      NaN   20    10 c    0   2.18 196.6049 53.47931  8868.65  9936.54 2.71 2.57  73.6 -0.347    19.81 22.21 01a59254o0785c   0x0000  22.904171
59254.576458 19.743105      NaN   16    10 c    0   1.73 196.6049 53.47931  8885.06  9819.41 2.76 2.52  77.8 -0.351    19.79 22.22 01a59254o0797c   0x0000  22.904171
59256.470368 17.079116 0.016235  535     8 c    0 161.29 196.6049 53.47931  8136.57  5147.65 2.96 2.48  35.6 -0.368    19.75 21.95 02a59256o0568c 0xc00801  22.104321
59256.474528 19.609992      NaN   25     9 c    0   2.43 196.6049 53.47931  8166.13  5183.92 2.75 2.60  43.1 -0.386    19.71 21.95 02a59256o0577c 0xc00800  22.485574
59256.482904 16.952814 0.016259  601     9 c    0 191.86 196.6049 53.47931  8107.66  5109.51 2.72 2.53  42.4 -0.386    19.74 21.95 02a59256o0595c 0xc00801  22.485574
59256.493851 19.529530 0.193881   56    10 c    0   3.47 196.6049 53.47931  8090.53  5227.52 2.69 2.53  46.3 -0.385    19.74 21.97 02a59256o0618c 0xc00800  22.904171
59258.532810 20.321591      NaN    0     9 c    0   0.94 196.6049 53.47931  4367.58  5269.61 2.48 2.42 -68.9 -0.360    19.76 21.99 01a59258o0707c   0x0000  22.485574
59258.535580 20.009244      NaN   12     8 c    0   1.48 196.6049 53.47931  4348.55  5231.72 2.42 2.35 -59.7 -0.364    19.78 22.00 01a59258o0713c   0x0000  22.104321
59258.538345 19.816329      NaN   16     9 c    0   1.00 196.6049 53.47931  4406.73  5307.77 2.46 2.39 -71.2 -0.358    19.79 22.02 01a59258o0719c   0x0000  22.485574
59258.545793 20.207197      NaN  -10    10 c    0   0.76 196.6049 53.47931  4426.63  5189.41 2.43 2.34 -86.3 -0.368    19.79 22.02 01a59258o0734c   0x0000  22.904171
59262.475557 20.207197 0.325721   30     9 c    0   2.95 196.6049 53.47931  4374.00  5260.86 2.29 2.28  20.8 -0.352    19.76 21.82 01a59262o0566c   0x0000  22.485574
59262.477400 19.674510      NaN   22     9 c    0   1.85 196.6049 53.47931  4352.86  5225.20 2.26 2.17 -77.9 -0.375    19.79 21.81 01a59262o0570c   0x0000  22.485574
59262.480163 19.816329      NaN   16     9 c    0   1.30 196.6049 53.47931  4411.01  5301.60 2.30 2.23 -68.8 -0.370    19.78 21.81 01a59262o0576c   0x0000  22.485574
59262.486150 19.894850      NaN   10    10 c    0   0.79 196.6049 53.47931  4430.18  5187.49 2.41 2.34 -68.5 -0.364    19.75 21.81 01a59262o0589c   0x0000  22.904171
59266.638946 19.743105      NaN    4    14 c    0   0.69 196.6049 53.47931  1465.00  9349.80 2.38 2.16 -57.4 -0.384    19.82 22.07 01a59266o0378c   0x0000  24.911865
59266.643589 19.816329      NaN   10    11 c    0   0.68 196.6049 53.47931  1486.72  9388.49 2.35 2.14 -57.1 -0.381    19.83 22.07 01a59266o0388c   0x0000  23.358104
59266.646860 19.719755      NaN   17    10 c    0   1.11 196.6049 53.47931  1424.60  9308.84 2.37 2.15 -60.0 -0.380    19.81 22.04 01a59266o0395c 0x400800  22.904171
59266.651937 20.207197      NaN   -7    10 c    0   0.90 196.6049 53.47931  1405.38  9425.44 2.44 2.22 -58.1 -0.383    19.78 21.97 01a59266o0406c   0x0000  22.904171
59288.453537 19.529530      NaN   26    10 c    0   1.78 196.6049 53.47931  7468.14  3525.26 2.58 2.39  55.4 -0.384    19.75 21.95 02a59288o0512c 0xc00800  22.904171
59288.475033 19.719755      NaN   11    12 c    0   3.79 196.6049 53.47931  7492.89  3565.74 2.63 2.39  47.4 -0.386    19.77 21.90 02a59288o0558c 0xc00800  23.845357
59288.478253 19.696897      NaN   18    10 c    0   1.09 196.6049 53.47931  7437.63  3491.98 2.55 2.38  47.4 -0.383    19.74 21.89 02a59288o0565c 0xc00800  22.904171
59288.483757 19.631075      NaN   18    11 c    0   2.92 196.6049 53.47931  7418.75  3608.69 2.56 2.35  45.0 -0.385    19.78 21.88 02a59288o0577c 0xc00800  23.358104
59292.439746 19.979496      NaN    1    12 c    0   0.78 196.6049 53.47931  4910.58  7032.50 2.70 2.39  51.3 -0.392    19.74 21.81 02a59292o0467c   0x2000  23.845357
59292.442949 19.631075      NaN   18    11 c    0   0.74 196.6049 53.47931  4933.75  7070.28 2.68 2.37  47.8 -0.390    19.75 21.81 02a59292o0474c 0x402800  23.358104
59292.447088 19.419021      NaN   29    11 c    0   3.59 196.6049 53.47931  4872.06  6993.62 2.70 2.37  46.2 -0.390    19.73 21.83 02a59292o0483c 0x402800  23.358104
59292.452119 18.867907 0.126494  103    12 c    0   5.21 196.6049 53.47931  4854.96  7109.79 2.93 2.39  45.2 -0.381    19.69 21.82 02a59292o0494c 0x402801  23.845357
59310.411078 19.950541      NaN    8    10 c    0   1.66 196.6049 53.47931  6295.77  5174.31 2.51 2.35 -80.1 -0.389    19.94 21.93 01a59310o0343c   0x0000  22.904171
59310.412922 20.594452      NaN   -6     7 c    0  20.02 196.6049 53.47931  6276.25  5135.08 2.47 2.29 -77.3 -0.388    19.96 21.93 01a59310o0347c 0x400801  21.762376
59310.417066 20.009244      NaN   12     8 c    0   1.90 196.6049 53.47931  6333.36  5213.68 2.46 2.29 -76.0 -0.389    19.96 21.94 01a59310o0356c   0x0000  22.104321
59310.422129 19.816329      NaN   16     9 c    0   1.10 196.6049 53.47931  6354.04  5095.58 2.46 2.36 -85.5 -0.377    19.97 21.94 01a59310o0367c   0x0000  22.485574
59314.391402 20.009244      NaN   -2    12 c    0   1.05 196.6049 53.47931  5111.54  9534.85 2.27 2.13 -59.2 -0.389    19.71 21.50 01a59314o0371c 0x400800  23.845357
59314.395278 20.207197      NaN  -16    10 c    0   1.72 196.6049 53.47931  5090.28  9499.22 2.27 2.10 -64.8 -0.396    19.95 21.75 01a59314o0378c   0x0000  22.904171
59314.398963 20.103715      NaN    3    10 c    0   1.35 196.6049 53.47931  5148.93  9574.41 2.21 2.06 -64.4 -0.395    20.02 21.79 01a59314o0386c   0x0000  22.904171
59314.404218 19.183773      NaN   32    15 c    0   1.05 196.6049 53.47931  5169.76  9454.94 2.33 2.17 -68.2 -0.392    19.47 21.21 01a59314o0396c   0x0000  25.487272
59318.386134 17.219755 0.018481  470     8 c    0 166.47 196.6049 53.47931  5116.97  9531.81 2.57 2.53 -62.3 -0.360    19.76 21.60 01a59318o0355c   0x2001  22.104321
59318.408134 19.631075      NaN   24     9 c    0   1.01 196.6049 53.47931  5099.09  9496.59 2.53 2.35 -72.9 -0.383    19.79 21.54 01a59318o0401c   0x2000  22.485574
59318.411821 20.207197      NaN  -10    10 c    0   4.63 196.6049 53.47931  5155.31  9573.26 2.63 2.51 -88.6 -0.371    19.74 21.52 01a59318o0409c 0x402800  22.904171
59318.424396 19.510313      NaN   24    11 c    0   1.58 196.6049 53.47931  5325.51  1120.60 2.57 2.50  82.2 -0.391    19.79 21.49 01a59318o0436c   0x2000  23.358104
59344.412606 20.009244      NaN    3    11 c    0   1.88 196.6049 53.47931  7654.92  3482.21 2.54 2.32  35.0 -0.387    19.72 21.66 02a59344o0370c   0x0000  23.358104
59344.415850 19.384550      NaN   25    13 c    0   0.60 196.6049 53.47931  7637.18  3441.48 2.39 2.32  29.6 -0.392    19.70 21.66 02a59344o0377c   0x0000  24.363929
59344.423176 19.950541      NaN    8    10 c    0   0.94 196.6049 53.47931  7697.56  3520.50 2.36 2.32  77.0 -0.390    19.73 21.64 02a59344o0393c   0x0000  22.904171
59344.457723 20.137125      NaN    2    10 c    0   1.24 196.6049 53.47931  7722.41  3404.63 2.50 2.42  47.6 -0.390    19.69 21.56 02a59344o0465c   0x0000  22.904171
59370.323644 19.841877      NaN   12    10 c    0   0.88 196.6049 53.47931  3547.35  1128.51 2.23 2.14  19.1 -0.405    20.03 21.99 01a59370o0190c   0x2000  22.904171
59370.327338 19.979496      NaN    7    10 c    0   1.01 196.6049 53.47931  3567.77  1167.49 2.33 2.18  14.2 -0.391    20.00 21.99 01a59370o0198c 0x402800  22.904171
59370.332869 19.841877      NaN   12    10 c    0   0.98 196.6049 53.47931  3513.09  1088.62 2.32 2.16   6.7 -0.393    20.00 21.98 01a59370o0210c 0x402800  22.904171
59370.345775 19.271854 0.137629   71     9 c    0   5.30 196.6049 53.47931  3495.85  1203.32 2.25 2.16  22.8 -0.405    19.99 22.04 01a59370o0238c 0x402801  22.485574
59374.308574 19.674510 0.221579   49    10 c    0   1.69 196.6049 53.47931  3545.06  1126.27 2.29 2.20  46.2 -0.403    19.95 21.87 01a59374o0155c 0x402800  22.904171
59374.312346 19.766969      NaN    9    12 c    0   0.64 196.6049 53.47931  3565.11  1165.10 2.24 2.15  28.9 -0.402    20.00 21.84 01a59374o0163c   0x2000  23.845357
59374.317879 16.995180 0.018784  578    10 c    0 188.74 196.6049 53.47931  3509.84  1086.16 2.34 2.24  39.4 -0.397    19.94 21.84 01a59374o0175c 0x402801  22.904171
59374.328933 16.884550 0.013572  640     8 c    0 334.09 196.6049 53.47931  3495.15  1202.26 2.29 2.18  41.0 -0.403    19.96 21.89 01a59374o0199c 0x402801  22.104321
59378.296805 16.851140 0.013160  660     8 c    0 347.55 196.6049 53.47931  7401.78  3497.99 2.27 2.23 -60.0 -0.397    19.96 21.63 01a59378o0128c 0x800001  22.104321
59378.300028 19.922338      NaN    6    11 c    0   1.65 196.6049 53.47931  7421.85  3536.13 2.35 2.29 -55.0 -0.394    19.90 21.63 01a59378o0135c 0xc00800  23.358104
59378.307411 19.674510      NaN   13    12 c    0   0.77 196.6049 53.47931  7366.99  3460.06 2.30 2.19 -83.7 -0.399    19.93 21.61 01a59378o0151c 0xc00800  23.845357
59378.318465 20.103715      NaN    0    11 c    0   2.06 196.6049 53.47931  7350.53  3576.66 2.28 2.22 -64.1 -0.391    19.96 21.61 01a59378o0175c 0xc00800  23.358104
59404.267188 19.334813      NaN   28    13 c    0   2.15 196.6049 53.47931  8761.57  7296.44 2.76 2.31 -62.5 -0.413    19.63 21.34 02a59404o0051c   0x2000  24.363929
59404.270856 19.491430      NaN   16    14 c    0   2.25 196.6049 53.47931  8741.87  7254.89 2.64 2.33 -63.9 -0.415    19.69 21.42 02a59404o0059c 0x402800  24.911865
59404.276374 19.631075      NaN   18    11 c    0   2.06 196.6049 53.47931  8799.18  7334.83 2.68 2.34 -62.9 -0.414    19.70 21.46 02a59404o0071c 0x402800  23.358104
59404.286464 19.696897      NaN   15    11 c    0   1.71 196.6049 53.47931  8814.02  7214.79 2.62 2.38 -63.6 -0.408    19.70 21.47 02a59404o0093c 0x402800  23.358104
59408.255163 18.816441      NaN   36    24 c    0   1.16 196.6049 53.47931  8761.40  7296.67 2.56 2.49  64.7 -0.402    19.00 20.10 02a59408o0026c   0x0000  31.632278
59408.258874 19.089302      NaN   36    16 c    0   1.03 196.6049 53.47931  8741.53  7255.52 2.56 2.38  45.1 -0.406    19.43 20.68 02a59408o0034c   0x0000  26.088331
59408.266258 19.549093      NaN   19    12 c    0   1.76 196.6049 53.47931  8799.45  7333.98 2.66 2.36 -64.7 -0.409    19.61 21.22 02a59408o0050c   0x0000  23.845357
59408.278683 19.491430      NaN   19    13 c    0   2.40 196.6049 53.47931  8820.14  7216.34 2.71 2.49 -65.3 -0.402    19.62 21.34 02a59408o0077c   0x0000  24.363929
59434.256616 19.529530      NaN   20    12 c    0   0.67 196.6049 53.47931  2920.00  7113.64 2.34 2.16 -80.0 -0.389    19.69 21.40 01a59434o0055c   0x0000  23.845357
59434.259840 19.979496 0.352131   37    12 c    0   1.10 196.6049 53.47931  2938.60  7153.03 2.31 2.14 -80.4 -0.385    19.74 21.48 01a59434o0062c 0x400800  23.845357
59434.266760 19.743105      NaN   10    12 c    0   0.65 196.6049 53.47931  2879.00  7073.55 2.27 2.06 -80.3 -0.399    19.77 21.52 01a59434o0077c   0x0000  23.845357
59434.277390 20.009244      NaN   -1    12 c    0   0.95 196.6049 53.47931  2857.16  7190.14 2.30 2.06 -81.1 -0.401    19.75 21.53 01a59434o0100c   0x0000  23.845357
59588.620641 20.009244      NaN   -7    12 c    0   1.10 196.6049 53.47931  7557.38  9054.95 2.89 2.55  43.5 -0.400    19.59 21.83 02a59588o0934c 0x402800  23.845357
59588.623855 20.009244 0.361912   36    12 c    0   3.38 196.6049 53.47931  7578.63  9094.53 2.77 2.57  45.3 -0.404    19.65 21.83 02a59588o0941c   0x2000  23.845357
59588.629426 19.868040      NaN    2    13 c    0   1.34 196.6049 53.47931  7520.66  9014.86 2.78 2.56  44.0 -0.408    19.63 21.84 02a59588o0953c 0x402800  24.363929
59588.640056 19.841877      NaN  -19    14 c    0   1.02 196.6049 53.47931  7501.50  9133.05 2.78 2.54  43.9 -0.406    19.60 21.82 02a59588o0975c 0x402800  24.911865
59615.507567 19.841877      NaN  -24    14 c    0   0.84 196.6049 53.47931  4261.86  5393.06 2.81 2.34  42.7 -0.388    19.52 21.37 02a59615o0665c   0x0000  24.911865
59615.510781 20.103715      NaN  -23    11 c    0   1.20 196.6049 53.47931  4287.11  5432.59 2.45 2.32  44.8 -0.410    19.61 21.40 02a59615o0672c   0x0000  23.358104
59615.515896 20.071303      NaN    1    11 c    0   1.39 196.6049 53.47931  4225.52  5356.08 2.54 2.30  44.2 -0.405    19.57 21.43 02a59615o0683c   0x0000  23.358104
59615.523778 19.183773      NaN   38    13 c    0   1.17 196.6049 53.47931  4208.20  5468.99 2.54 2.39  48.1 -0.402    19.58 21.43 02a59615o0700c   0x0000  24.363929
59619.601923 19.549093      NaN   13    14 c    0   2.61 196.6049 53.47931  5099.40  9531.81 2.42 2.34 -40.5 -0.424    19.73 21.66 02a59619o0840c   0x0000  24.911865
59619.605124 19.766969      NaN    6    13 c    0   1.06 196.6049 53.47931  5080.66  9492.43 2.42 2.33 -48.6 -0.422    19.73 21.64 02a59619o0847c   0x0000  24.363929
59619.632458 19.401649      NaN   18    15 c    0   2.37 196.6049 53.47931  5129.77  9570.01 2.41 2.36 -41.3 -0.420    19.68 21.61 02a59619o0906c   0x0000  25.487272
59619.661022 19.922338      NaN  -10    13 c    0   1.17 196.6049 53.47931  5143.31  9453.29 2.42 2.37 -24.7 -0.418    19.58 21.33 02a59619o0967c   0x0000  24.363929
59639.491013 19.922338      NaN   -6    13 c    0   1.17 196.6049 53.47931  5521.17  9189.38 2.58 2.48  50.0 -0.414    19.72 21.76 02a59639o0611c   0x0000  24.363929
59639.494222 19.510313      NaN   21    12 c    0   1.50 196.6049 53.47931  5541.32  9227.87 2.72 2.48  43.3 -0.396    19.68 21.75 02a59639o0618c 0x400800  23.845357
59639.496965 19.719755      NaN   14    11 c    0   1.31 196.6049 53.47931  5480.17  9150.53 2.67 2.45  46.2 -0.407    19.71 21.75 02a59639o0624c   0x0000  23.358104
59639.502035 19.950541      NaN    2    12 c    0   1.24 196.6049 53.47931  5460.55  9268.08 2.69 2.47  44.7 -0.402    19.71 21.73 02a59639o0635c   0x0000  23.845357
59643.531768 18.921935      NaN   47    17 c    0   1.04 196.6049 53.47931  7103.34  1304.04 2.28 2.20 -65.3 -0.439    19.20 21.76 02a59643o0651c   0x0000  26.713312
59643.535395 19.569016      NaN   -2    18 c    0   0.99 196.6049 53.47931  7081.30  1264.02 2.28 2.21 -83.1 -0.434    19.23 21.79 02a59643o0658c   0x0000  27.360574
59643.540927 19.351140      NaN   12    18 c    0   0.98 196.6049 53.47931  7142.09  1343.75 2.32 2.22 -70.5 -0.441    19.22 21.77 02a59643o0669c   0x0000  27.360574
59643.572545 19.212347      NaN   27    16 c    0   0.89 196.6049 53.47931  7155.96  1226.05 2.30 2.15 -58.0 -0.444    19.23 21.74 02a59643o0732c   0x0000  26.088331
59647.536013 19.384550      NaN    1    21 c    0   2.79 196.6049 53.47931  7097.34  1299.15 2.42 2.27 -39.0 -0.447    19.02 21.74 02a59647o0481c   0x0000  29.421098
59647.562726 19.302877      NaN    3    22 c    0   1.46 196.6049 53.47931  7074.08  1257.85 2.35 2.29 -62.0 -0.442    18.96 21.74 02a59647o0534c   0x0000  30.143010
59647.591444 19.549093 0.355332   55    18 c    0   1.84 196.6049 53.47931  7132.03  1334.54 2.59 2.49 -37.4 -0.437    18.87 21.68 02a59647o0591c   0x0000  27.360574
59647.627088 18.125925      NaN   45    53 c    0   2.31 196.6049 53.47931  7153.60  1220.29 2.80 2.16  78.0 -0.398    17.87 21.02 02a59647o0608c   0x0000  56.864761
59671.382307 19.743105      NaN    4    14 c    0   3.48 196.6049 53.47931  6852.47  7432.79 3.00 2.72  41.2 -0.401    19.50 21.71 02a59671o0272c 0x400800  24.911865
59671.387413 19.743105      NaN   10    12 c    0   4.14 196.6049 53.47931  6873.98  7472.07 2.95 2.57  39.8 -0.396    19.51 21.70 02a59671o0283c   0x0000  23.845357
59671.390674 19.868040      NaN    8    11 c    0   2.88 196.6049 53.47931  6811.63  7397.28 2.91 2.50  39.7 -0.397    19.58 21.70 02a59671o0290c   0x0000  23.358104
59671.425923 20.009244      NaN  -13    12 c    0   3.94 196.6049 53.47931  6798.28  7518.24 3.15 2.60  41.0 -0.385    19.50 21.68 02a59671o0366c   0x0000  23.845357
59675.454623 19.922338      NaN   -5    13 c    0   1.65 196.6049 53.47931  6947.26  9460.30 2.68 2.36  36.1 -0.404    19.41 21.57 02a59675o0521c  0x80000  24.363929
59675.483062 19.401649      NaN    3    20 c    0   1.24 196.6049 53.47931  6920.15  9419.71 2.57 2.35  35.4 -0.411    18.92 20.89 02a59675o0582c   0x0000  28.715867
59675.511313 19.169763      NaN    3    25 c    0   1.83 196.6049 53.47931  6973.84  9499.12 2.72 2.39  36.3 -0.404    18.99 20.94 02a59675o0643c   0x0000  32.397547
59675.536207 18.356290      NaN -173    55 c    0   7.78 196.6049 53.47931  6985.36  9380.93 2.70 2.39  35.0 -0.399    17.97 19.80 02a59675o0697c 0x400801  58.733304
59679.399830 18.729535      NaN   48    23 c    0   0.94 196.6049 53.47931  3647.16  1133.03 2.41 2.25  82.0 -0.445    18.88 20.59 02a59679o0369c   0x0000  30.880431
59679.403030 19.287255      NaN   13    19 c    0   1.53 196.6049 53.47931  3666.80  1172.20 2.42 2.28  75.9 -0.445    18.91 20.61 02a59679o0376c   0x0000  28.028575
59679.405772 19.051202      NaN   30    19 c    0   1.57 196.6049 53.47931  3611.11  1094.20 2.45 2.29  82.5 -0.440    18.95 20.63 02a59679o0382c   0x0000  28.028575
59679.411262 18.776955      NaN   37    25 c    0   0.88 196.6049 53.47931  3593.76  1211.32 2.49 2.27  59.9 -0.436    18.92 20.65 02a59679o0394c   0x0000  32.397547
59695.405172 19.791368      NaN    5    13 c    0   1.45 196.6049 53.47931  5677.49  3537.21 2.51 2.27  32.5 -0.411    19.53 21.40 02a59695o0387c 0x400800  24.363929
59695.408860 19.226921      NaN   32    14 c    0   1.73 196.6049 53.47931  5657.41  3497.05 2.52 2.27  33.4 -0.413    19.50 21.38 02a59695o0395c   0x0000  24.911865
59695.443134 19.549093      NaN   19    12 c    0   1.44 196.6049 53.47931  5707.60  3571.81 2.67 2.36  36.1 -0.409    19.42 21.30 02a59695o0469c   0x0000  23.845357
59695.448793 19.766969      NaN  -44    15 c    0   2.05 196.6049 53.47931  5730.24  3455.47 2.68 2.35  34.9 -0.410    19.45 21.34 02a59695o0481c   0x0000  25.487272
59699.389887 18.978793      NaN -297    31 c    0  17.75 196.6049 53.47931   482.78  5602.29 2.47 2.25   9.7 -0.397    18.21 19.63 02a59699o0353c 0x402901  37.223662
59699.393092 18.396507      NaN -300    53 c    0  11.49 196.6049 53.47931   463.09  5564.64 2.44 2.24   7.9 -0.397    17.69 19.04 02a59699o0360c 0x402801  56.864761
59699.398614 17.935984      NaN -300    81 c    0   5.60 196.6049 53.47931   520.25  5636.50 2.53 2.24  11.5 -0.407    17.52 18.87 02a59699o0372c 0x402801  83.579908
59699.404098 18.417189      NaN -312    52 c    0  18.46 196.6049 53.47931 10155.46  5616.87 2.68 2.43  24.9 -0.414    17.71 19.10 02a59699o0384c 0x402801  55.933899
59699.407307 17.909502      NaN -264    83 c    0   3.32 196.6049 53.47931 10136.98  5577.69 2.72 2.43  24.4 -0.405    17.47 18.83 02a59699o0391c 0x402800  85.519594
59699.408692 17.797727      NaN -250    92 c    0   1.58 196.6049 53.47931   540.86  5524.36 2.37 2.23  -3.8 -0.419    17.38 18.71 02a59699o0394c   0x2000  94.279378
59699.413263 16.628787      NaN -319   270 c    0   1.32 196.6049 53.47931 10194.88  5657.96 2.74 2.48  23.7 -0.457    16.75 18.08 02a59699o0404c 0x402802 270.785157
59699.423369 16.831577      NaN -379   224 c    0   1.73 196.6049 53.47931 10213.92  5544.31 2.71 2.45  26.4 -0.459    16.98 18.30 02a59699o0426c 0x402802 224.945774
59723.359266 16.614142 0.014547  821    11 c    0 273.62 196.6049 53.47931  1744.24  3312.29 2.53 2.38  25.7 -0.411    19.57 21.28 02a59723o0268c   0x0001  23.358104
59723.362466 19.367717      NaN   29    12 c    0   1.38 196.6049 53.47931  1727.03  3276.69 2.52 2.38  25.7 -0.410    19.56 21.27 02a59723o0275c   0x0000  23.845357
59723.367953 19.766969      NaN    6    13 c    0   0.61 196.6049 53.47931  1787.07  3350.70 2.44 2.30  30.2 -0.418    19.59 21.26 02a59723o0287c   0x0000  24.363929
59723.379862 19.529530      NaN   17    13 c    0   0.82 196.6049 53.47931  1808.50  3235.87 2.51 2.41  17.4 -0.415    19.52 21.22 02a59723o0313c   0x0000  24.363929
59727.320298 18.878500      NaN  -67    34 c    0   1.28 196.6049 53.47931  1754.04  3322.09 2.61 2.33  27.8 -0.407    18.08 19.53 02a59727o0182c   0x0000  39.756773
59727.323497 19.302877      NaN   -1    23 c    0   0.80 196.6049 53.47931  1734.28  3283.42 2.61 2.31  28.0 -0.408    18.83 20.39 02a59727o0189c   0x0000  30.880431
59727.330366 18.757738      NaN   36    26 c    0   1.40 196.6049 53.47931  1793.98  3357.09 2.65 2.38  29.0 -0.401    18.58 20.09 02a59727o0204c   0x0000  33.175308
59727.341795 19.102305      NaN   38    15 c    0   2.89 196.6049 53.47931  1813.98  3238.18 2.47 2.28  29.4 -0.413    19.20 20.76 02a59727o0229c   0x0000  25.487272
59731.378347 19.287255      NaN   31    13 c    0   1.47 196.6049 53.47931  1206.23  7211.96 2.68 2.55   8.9 -0.414    19.53 21.42 02a59731o0140c 0x402800  24.363929
59731.382477 19.922338      NaN  -10    13 c    0   1.02 196.6049 53.47931  1187.32  7172.76 2.65 2.56 -39.8 -0.422    19.49 21.42 02a59731o0149c 0x402800  24.363929
59731.387984 19.674510      NaN   13    12 c    0   5.07 196.6049 53.47931  1245.17  7246.46 2.78 2.70  -3.6 -0.405    19.46 21.40 02a59731o0161c 0x402801  23.845357
59731.399926 19.841877      NaN   -5    14 c    0   1.11 196.6049 53.47931  1264.31  7126.99 2.66 2.56  14.5 -0.420    19.48 21.38 02a59731o0187c   0x2000  24.911865
59751.286357 19.791368      NaN    2    14 c    0   0.71 196.6049 53.47931  3254.09  9675.60 2.35 2.23 -54.4 -0.432    19.69 21.48 02a59751o0094c   0x0000  24.911865
59751.289575 19.743105 0.283236   46    12 c    0   1.29 196.6049 53.47931  3235.66  9636.14 2.36 2.26 -47.8 -0.433    19.68 21.48 02a59751o0101c   0x0000  23.845357
59751.295536 19.367717      NaN   23    14 c    0   1.63 196.6049 53.47931  3289.47  9712.32 2.48 2.33 -51.1 -0.428    19.63 21.46 02a59751o0114c 0x400800  24.911865
59751.307471 19.351140 0.213857   66    13 c    0   2.46 196.6049 53.47931  3307.68  9594.25 2.40 2.29 -53.3 -0.430    19.66 21.46 02a59751o0140c   0x0000  24.363929
59783.252984 18.857417      NaN   38    22 c    0   1.53 196.6049 53.47931  8242.99  5143.44 2.59 2.27  29.1 -0.396    18.64 19.66 02a59783o0025c   0x0000  30.143010
59783.256599 19.569016      NaN  -23    18 c    0   0.67 196.6049 53.47931  8225.69  5102.42 2.58 2.35  30.4 -0.400    19.11 20.30 02a59783o0033c   0x0000  27.360574
59783.263444 19.472870      NaN   17    14 c    0   0.81 196.6049 53.47931  8279.48  5179.50 2.62 2.38  31.0 -0.401    19.46 20.92 02a59783o0048c   0x0000  24.911865
59783.276646 19.719755      NaN    8    13 c    0   1.36 196.6049 53.47931  8298.18  5061.96 2.63 2.39  28.9 -0.402    19.52 21.09 02a59783o0077c   0x0000  24.363929
59787.257830 19.569016      NaN    9    15 c    0   1.88 196.6049 53.47931  3026.60  1512.21 2.79 2.66 -89.6 -0.401    19.15 20.62 02a59787o0039c   0x0000  25.487272
59787.260996 19.384550      NaN   25    13 c    0   2.00 196.6049 53.47931  3007.15  1473.49 2.62 2.49  84.1 -0.419    19.36 20.89 02a59787o0046c   0x0000  24.363929
59787.267343 19.719755      NaN    2    15 c    0   0.77 196.6049 53.47931  3068.17  1549.54 2.69 2.54  88.1 -0.418    19.40 21.05 02a59787o0060c   0x0000  25.487272
59787.280945 19.549093      NaN   13    14 c    0   1.78 196.6049 53.47931  3089.31  1432.33 2.97 2.79 -82.1 -0.408    19.31 21.06 02a59787o0090c   0x0000  24.911865
59819.233566 17.833722      NaN    0    89 c    0   1.20 196.6049 53.47931  5102.62  9540.93 3.04 2.60  32.0 -0.382    17.52 18.53 02a59819o0020c   0x0000  91.354261
59819.236731 18.504094      NaN  -13    48 c    0   0.92 196.6049 53.47931  5084.17  9499.82 2.67 2.44  25.1 -0.397    18.30 19.33 02a59819o0027c   0x0000  52.236013
59819.242173 19.256669      NaN   -6    24 c    0   2.46 196.6049 53.47931  5137.73  9577.12 2.61 2.47  17.5 -0.396    18.96 20.26 02a59819o0039c   0x0000  31.632278
59819.252128 19.454622      NaN   -7    20 c    0   0.90 196.6049 53.47931  5155.06  9465.76 2.64 2.56   0.4 -0.407    19.19 20.70 02a59819o0061c   0x0000  28.715867
59909.585800 19.791368      NaN    8    12 c    0   2.70 196.6049 53.47931  6306.02  5300.77 3.64 3.28  36.8 -0.286    19.20 20.98 01a59909o0856c   0x0000  23.845357
59909.590911 20.009244      NaN  -13    12 c    0   3.61 196.6049 53.47931  6288.09  5255.36 3.61 3.29  34.9 -0.298    19.19 21.02 01a59909o0867c  0x80000  23.845357
59909.593680 19.841877      NaN    3    13 c    0   1.89 196.6049 53.47931  6346.34  5332.37 3.52 3.20  37.2 -0.299    19.25 21.04 01a59909o0873c  0x80000  24.363929
59909.605304 20.103715      NaN    3    10 c    0   1.90 196.6049 53.47931  6372.57  5221.38 3.60 3.24  37.9 -0.286    19.29 21.14 01a59909o0898c   0x0000  22.904171
59999.631447 18.816441      NaN  -11    36 c    0   1.53 196.6049 53.47931  6910.14  7304.85 2.77 2.46  38.2 -0.397    18.35 20.15 02a59999o0104c   0x0000  41.480128
59999.641840 18.933071      NaN   31    22 c    0   1.08 196.6049 53.47931  6892.74  7266.66 2.69 2.39  32.1 -0.409    18.96 20.72 02a59999o0126c   0x0000  30.143010
59999.646169 18.029238      NaN   70    51 c    0   1.16 196.6049 53.47931  6946.68  7344.45 2.70 2.44  34.4 -0.406    17.79 19.37 02a59999o0134c   0x0000  55.005464
59999.655843 19.454622      NaN  -21    20 c    0   2.21 196.6049 53.47931  6965.13  7224.75 2.87 2.53  34.1 -0.402    18.72 20.44 02a59999o0153c   0x0000  28.715867
59999.666112 18.094452      NaN   60    50 c    0   0.89 196.6049 53.47931  6928.25  7282.63 2.89 2.58  32.1 -0.384    18.06 19.13 02a59999o0173c 0x400100  54.079581
60048.416392 19.922338      NaN   -2    13 c    0   1.20 196.6049 53.47931  1177.91  1681.60 2.35 2.26 -71.3 -0.434    19.60 21.44 02a60048o0388c   0x0000  24.363929
60048.423503 19.472870      NaN   17    14 c    0   0.56 196.6049 53.47931  1154.46  1637.85 2.31 2.28  80.0 -0.436    19.61 21.43 02a60048o0402c   0x0000  24.911865
60048.426733 19.652575 0.282291   50    13 c    0   1.13 196.6049 53.47931  1215.59  1712.12 2.38 2.20  37.5 -0.427    19.59 21.44 02a60048o0409c   0x0000  24.363929
60048.460847 19.841877 0.284359   42    11 c    0   1.80 196.6049 53.47931  1232.92  1586.20 2.32 2.22  59.4 -0.441    19.61 21.46 02a60048o0477c   0x0000  23.358104
60050.421428 19.351140      NaN  -15    22 c    0   2.43 196.6049 53.47931  5171.44  7404.22 2.45 2.30  31.9 -0.420    19.10 20.76 02a60050o0394c 0x400800  30.143010
60050.424743 19.589310      NaN    5    16 c    0   1.14 196.6049 53.47931  5150.83  7364.69 2.40 2.26  32.1 -0.420    19.27 20.93 02a60050o0401c   0x0000  26.088331
60050.432463 19.351140      NaN   21    15 c    0   1.14 196.6049 53.47931  5207.94  7440.62 2.46 2.29  32.5 -0.414    19.36 21.03 02a60050o0418c   0x0000  25.487272
60050.442493 19.696897      NaN   -5    16 c    0   3.28 196.6049 53.47931  5227.71  7322.20 2.48 2.26  30.6 -0.413    19.36 21.02 02a60050o0440c   0x0000  26.088331
60052.407620 19.128787      NaN   -8    27 c    0   1.38 196.6049 53.47931  1950.85  3307.30 2.33 2.23  31.2 -0.415    18.37 19.88 02a60052o0377c   0x0000  33.964703
60052.410969 18.729535      NaN   15    34 c    0   0.78 196.6049 53.47931  1930.35  3266.29 2.32 2.20  27.5 -0.419    18.48 19.97 02a60052o0384c   0x0000  39.756773
60052.417813 18.566153      NaN    7    43 c    0   1.12 196.6049 53.47931  1991.43  3341.56 2.40 2.27  31.0 -0.419    17.92 19.39 02a60052o0399c   0x0000  47.682293
60052.427572 19.183773      NaN    2    25 c    0   1.26 196.6049 53.47931  2010.14  3221.48 2.43 2.31  30.2 -0.418    18.55 20.13 02a60052o0419c  0x80000  32.397547
60056.409926 19.454622      NaN   18    14 c    0   1.12 196.6049 53.47931  7864.04  3481.52 2.64 2.52  39.3 -0.392    19.41 21.06 02a60056o0390c   0x0000  24.911865
60056.413220 19.841877      NaN   -1    14 c    0   0.89 196.6049 53.47931  7844.11  3441.39 2.53 2.40  30.0 -0.393    19.45 21.06 02a60056o0397c   0x0000  24.911865
60056.419144 19.674510      NaN   19    10 c    0   2.59 196.6049 53.47931  7903.87  3518.89 2.56 2.44  33.4 -0.391    19.43 21.05 02a60056o0410c   0x0000  22.904171
60056.432127 20.009244      NaN  -10    12 c    0   0.98 196.6049 53.47931  7926.24  3401.43 2.53 2.38  30.9 -0.393    19.42 21.02 02a60056o0438c   0x0000  23.845357
60058.422704 19.014394      NaN   36    18 c    0   0.86 196.6049 53.47931  3450.80  9663.73 2.34 2.27 -11.0 -0.412    19.49 21.05 02a60058o0416c   0x0000  27.360574
60058.425898 19.841877      NaN   -7    14 c    0   1.15 196.6049 53.47931  3431.63  9624.52 2.42 2.28  25.5 -0.401    19.46 21.06 02a60058o0423c   0x0000  24.911865
60058.461536 18.921935      NaN   35    21 c    0   0.79 196.6049 53.47931  3487.60  9695.01 2.32 2.25 -12.3 -0.407    19.49 21.12 02a60058o0498c   0x0000  29.421098
60058.474047 19.212347      NaN   18    19 c    0   0.74 196.6049 53.47931  3511.33  9574.89 2.33 2.28  33.1 -0.403    19.46 21.06 02a60058o0522c   0x0000  28.028575
60076.425956 19.569016      NaN    6    16 c    0   0.94 196.6049 53.47931  5272.25  9526.63 2.37 2.34  87.9 -0.408    19.52 21.05 02a60076o0187c   0x0000  26.088331
60076.429957 19.696897      NaN  -20    16 c    0   1.10 196.6049 53.47931  5253.91  9486.45 2.43 2.41  51.8 -0.401    19.46 21.04 02a60076o0195c   0x0000  26.088331
60076.435774 19.674510      NaN    4    15 c    0   1.41 196.6049 53.47931  5309.97  9563.53 2.37 2.36  -8.9 -0.413    19.48 21.01 02a60076o0207c   0x0000  25.487272
60076.446873 19.063754      NaN   35    17 c    0   0.71 196.6049 53.47931  5332.32  9443.76 2.37 2.35  13.9 -0.411    19.47 21.00 02a60076o0231c   0x0000  26.713312
60078.378242 19.142275      NaN   38    14 c    0   1.11 196.6049 53.47931  9839.73  3454.20 2.49 2.24 -64.9 -0.421    19.61 21.27 02a60078o0310c   0x0000  24.911865
60078.381417 19.384550      NaN   22    14 c    0   1.46 196.6049 53.47931  9820.03  3413.88 2.47 2.21 -60.6 -0.420    19.62 21.27 02a60078o0317c   0x0000  24.911865
60078.387351 19.051202      NaN   30    19 c    0   0.81 196.6049 53.47931  9880.64  3493.73 2.48 2.25 -60.3 -0.421    19.57 21.26 02a60078o0330c 0x400800  28.028575
60078.397409 19.241693      NaN   25    16 c    0   0.56 196.6049 53.47931  9900.26  3375.36 2.44 2.24 -60.9 -0.420    19.59 21.27 02a60078o0352c   0x0000  26.088331
60104.329367 19.922338      NaN  -22    13 c    0   1.84 196.6049 53.47931  1265.83  7206.55 2.59 2.48 -52.3 -0.413    19.48 21.39 02a60104o0179c   0x2000  24.363929
60104.332160 19.696897 0.248815   48    11 c    0   7.50 196.6049 53.47931  1245.91  7167.29 2.53 2.45  -7.5 -0.423    19.51 21.38 02a60104o0185c 0x402801  23.358104
60104.337777 20.009244 0.361912   36    12 c    0   2.30 196.6049 53.47931  1303.94  7241.15 2.53 2.45 -43.6 -0.423    19.53 21.38 02a60104o0197c   0x2000  23.845357
60104.348386 19.128787      NaN   39    14 c    0   6.23 196.6049 53.47931  1324.28  7122.36 2.47 2.40 -30.0 -0.427    19.52 21.37 02a60104o0219c   0x2001  24.911865
60106.327157 18.582238 0.105333  134    13 c    0   5.06 196.6049 53.47931  7713.04  3471.66 2.68 2.63  83.4 -0.383    19.53 21.47 02a60106o0177c 0x402801  24.363929
60106.329996 16.351171 0.010380 1046    10 c    0 356.54 196.6049 53.47931  7695.00  3433.11 2.72 2.66 -89.6 -0.386    19.53 21.49 02a60106o0183c 0x402801  22.904171
60106.337451 19.766969      NaN    9    12 c    0   1.34 196.6049 53.47931  7752.64  3509.45 2.55 2.47  40.0 -0.387    19.59 21.50 02a60106o0199c   0x2000  23.845357
60106.348343 19.766969      NaN   12    11 c    0   1.48 196.6049 53.47931  7775.71  3394.36 2.55 2.46  84.0 -0.390    19.60 21.49 02a60106o0222c   0x2000  23.358104
60108.323438 19.696897      NaN  -13    16 c    0   1.20 196.6049 53.47931  3293.64  9658.91 2.79 2.60 -59.0 -0.406    19.46 21.48 02a60108o0128c   0x0000  26.088331
60108.326621 19.922338      NaN  -16    13 c    0   1.50 196.6049 53.47931  3276.02  9618.59 2.80 2.60 -55.6 -0.406    19.46 21.49 02a60108o0135c   0x0000  24.363929
60108.332306 19.491430      NaN   10    16 c    0   0.87 196.6049 53.47931  3331.07  9695.56 2.84 2.62 -53.1 -0.409    19.46 21.50 02a60108o0147c   0x0000  26.088331
60108.343448 19.868040 0.317776   41    12 c    0   3.50 196.6049 53.47931  3348.87  9574.12 2.67 2.46 -51.8 -0.409    19.55 21.47 02a60108o0171c   0x0000  23.845357
60110.329123 19.351140      NaN   18    16 c    0   1.08 196.6049 53.47931  8860.18  9927.32 2.80 2.51 -63.0 -0.397    19.64 21.39 02a60110o0180c  0x80000  26.088331
60110.332384 19.868040      NaN    2    13 c    0   1.97 196.6049 53.47931  8841.80  9886.47 2.76 2.46 -59.6 -0.402    19.62 21.38 02a60110o0187c   0x0000  24.363929
60110.338624 19.766969      NaN   -6    15 c    0   2.59 196.6049 53.47931  8897.26  9967.08 2.87 2.49 -58.4 -0.394    19.59 21.37 02a60110o0200c   0x0000  25.487272
60110.348314 19.287255      NaN   28    14 c    0   1.67 196.6049 53.47931  8915.69  9848.92 2.75 2.50 -58.2 -0.400    19.62 21.38 02a60110o0221c 0x400100  24.911865
60112.310996 19.472870      NaN   14    15 c    0   1.01 196.6049 53.47931  4425.04  5277.64 2.32 2.21  25.0 -0.418    19.51 21.14 02a60112o0141c   0x0000  25.487272
60112.313821 19.436675      NaN   19    14 c    0   1.16 196.6049 53.47931  4407.07  5240.13 2.31 2.18  26.6 -0.421    19.53 21.15 02a60112o0147c   0x0000  24.911865
60112.319270 19.569016 0.241275   54    12 c    0   1.49 196.6049 53.47931  4463.49  5313.90 2.46 2.24  33.3 -0.405    19.49 21.15 02a60112o0158c   0x0000  23.845357
60112.330407 16.070953 0.008821 1354    11 c    0 781.76 196.6049 53.47931  4483.96  5197.12 2.38 2.25  24.4 -0.411    19.51 21.14 02a60112o0182c   0x0001  23.358104
60114.327383 19.367717      NaN   20    15 c    0   2.75 196.6049 53.47931  9201.14  1281.16 2.63 2.08 -63.6 -0.438    19.64 21.45 02a60114o0170c   0x0000  25.487272
60114.330117 19.841877      NaN  -12    14 c    0   0.72 196.6049 53.47931  9181.38  1242.20 2.60 2.05 -61.8 -0.441    19.63 21.44 02a60114o0176c   0x0000  24.911865
60114.335960 19.334813      NaN   25    14 c    0   0.74 196.6049 53.47931  9240.30  1319.76 2.48 2.08 -62.9 -0.436    19.62 21.44 02a60114o0188c   0x0000  24.911865
60114.346837 19.922338      NaN   12     9 c    0   1.99 196.6049 53.47931  9265.70  1202.26 2.63 2.10 -62.7 -0.439    19.63 21.41 02a60114o0211c   0x0000  22.485574
60116.333381 19.183773      NaN   32    15 c    0   0.79 196.6049 53.47931  8294.45  5134.66 2.39 2.33  78.9 -0.405    19.56 21.14 02a60116o0185c   0x0000  25.487272
60116.336760 19.631075      NaN   15    12 c    0   1.18 196.6049 53.47931  8276.04  5093.39 2.40 2.33  62.9 -0.406    19.56 21.14 02a60116o0192c   0x0000  23.845357
60116.342722 19.569016      NaN   18    12 c    0   1.01 196.6049 53.47931  8334.06  5173.34 2.42 2.34  49.8 -0.409    19.52 21.12 02a60116o0204c   0x0000  23.845357
60116.354063 20.009244      NaN   -4    12 c    0   0.94 196.6049 53.47931  8355.01  5056.09 2.39 2.35  76.0 -0.408    19.54 21.06 02a60116o0228c   0x0000  23.845357
60134.306953 18.878500      NaN   -6    34 c    0   1.08 196.6049 53.47931  8847.71  2500.71 2.72 2.40 -66.8 -0.406    18.32 19.64 02a60134o0131c   0x0000  39.756773
60134.309869 18.186107      NaN   52    47 c    0   0.82 196.6049 53.47931  8829.23  2462.85 2.82 2.46 -66.3 -0.398    18.11 19.52 02a60134o0137c   0x0000  51.318623
60134.315667 18.729535      NaN  -38    39 c    0   0.79 196.6049 53.47931  8886.42  2540.20 2.82 2.35 -66.9 -0.399    18.41 19.80 02a60134o0149c   0x0000  44.108968
60134.331563 17.887916      NaN  113    47 c    0   0.97 196.6049 53.47931  8904.54  2421.60 2.66 2.32 -68.0 -0.406    18.22 19.60 02a60134o0183c   0x0000  51.318623
60136.274330 19.472870      NaN   14    15 c    0   2.71 196.6049 53.47931  7393.83  6820.81 3.02 2.91 -86.4 -0.413    19.37 21.26 02a60136o0061c   0x0000  25.487272
60136.277502 19.922338      NaN   -3    13 c    0   2.41 196.6049 53.47931  7377.43  6781.56 2.85 2.68 -78.2 -0.413    19.27 21.10 02a60136o0068c   0x0000  24.363929
60136.282774 19.631075      NaN  -12    17 c    0   0.89 196.6049 53.47931  7430.56  6859.17 2.85 2.77  80.0 -0.408    19.22 21.03 02a60136o0079c  0x80000  26.713312
60136.296865 16.762717      NaN  119   199 c    0   1.09 196.6049 53.47931  7446.22  6738.47 3.08 2.99  81.5 -0.407    16.22 17.65 02a60136o0109c 0x400802 200.063992
60138.260575 19.302877      NaN -170    23 c    0  99.50 196.6049 53.47931   462.75   295.98 4.02 3.58 -63.6 -0.357    18.48 20.22 02a60138o0031c 0x400801  30.880431
60138.261027 19.102305      NaN   17    22 c    0   1.92 196.6049 53.47931  2978.66 10424.71 3.75 3.26 -56.0 -0.385    18.84 20.60 02a60138o0032c  0x80000  30.143010
60138.264862 19.102305      NaN   32    17 c    0   2.22 196.6049 53.47931  2962.08 10385.73 3.83 3.31 -53.9 -0.384    19.00 20.86 02a60138o0040c  0x80000  26.713312
60138.265766 19.549093      NaN    4    17 c    0   2.26 196.6049 53.47931   443.20   257.68 3.96 3.52 -66.9 -0.357    18.97 20.81 02a60138o0042c  0x80000  26.713312
60138.268938 19.510313 0.304768   57    16 c    0   3.85 196.6049 53.47931   506.78   331.11 4.41 3.99 -66.9 -0.338    18.84 20.85 02a60138o0049c  0x80000  26.088331
60138.270745 19.510313      NaN  -18    19 c    0   1.63 196.6049 53.47931  3017.34 10461.98 3.35 2.83 -52.9 -0.394    19.13 20.89 02a60138o0053c   0x0000  28.028575
60138.279945 19.169763      NaN -183    26 c    0  70.50 196.6049 53.47931   525.00   209.17 3.86 3.39 -63.8 -0.351    18.29 20.04 02a60138o0072c 0x400801  33.175308
60138.280849 18.826541      NaN   26    27 c    0   2.89 196.6049 53.47931  3033.58 10340.12 3.73 3.25 -55.9 -0.364    18.27 20.03 02a60138o0074c   0x0000  33.964703
60138.284678 18.089294      NaN   52    53 c    0   1.81 196.6049 53.47931 10422.91   323.90 3.75 2.89 -62.6 -0.419    18.01 19.65 02a60138o0082c  0x80000  56.864761
60138.287850 19.155932      NaN    4    25 c    0   1.71 196.6049 53.47931 10405.09   283.47 3.63 2.69 -62.3 -0.386    18.93 20.67 02a60138o0089c  0x80000  32.397547
60138.294226 18.649074      NaN -268    42 c    0 128.72 196.6049 53.47931 10465.41   365.38 4.20 3.38 -61.1 -0.334    18.46 20.30 02a60138o0103c 0x400801  46.782486
60138.306127 18.186107 0.123763  193    22 c    0  11.14 196.6049 53.47931 10482.79   242.05 4.34 3.61 -61.5 -0.374    18.83 20.93 02a60138o0128c  0x80001  30.143010
60140.259053 19.063754      NaN   29    19 c    0   1.85 196.6049 53.47931  6983.09  9460.45 2.84 2.63 -62.9 -0.402    19.14 20.47 02a60140o0032c   0x0000  28.028575
60140.261957 19.609992      NaN    1    17 c    0   1.31 196.6049 53.47931  6964.88  9419.32 2.72 2.48 -61.2 -0.419    19.35 20.77 02a60140o0038c   0x0000  26.713312
60140.267100 19.436675      NaN   19    14 c    0   1.49 196.6049 53.47931  7019.58  9501.06 2.94 2.62 -60.4 -0.405    19.38 21.04 02a60140o0049c   0x0000  24.911865
60140.279649 19.038793      NaN   40    16 c    0   2.49 196.6049 53.47931  7034.55  9378.77 2.97 2.73 -57.3 -0.396    19.40 21.14 02a60140o0076c   0x0000  26.088331
60146.261763 19.472870      NaN   14    15 c    0   0.90 196.6049 53.47931   535.08  5588.96 2.45 2.12 -56.4 -0.412    19.39 20.78 02a60146o0043c   0x0000  25.487272
60146.264803 19.183773      NaN   29    16 c    0   0.90 196.6049 53.47931   512.78  5545.93 2.49 2.20 -55.8 -0.408    19.41 20.92 02a60146o0049c   0x0000  26.088331
60146.270878 19.491430      NaN   13    15 c    0   0.57 196.6049 53.47931   572.00  5622.83 2.43 2.18 -56.0 -0.413    19.47 21.02 02a60146o0062c   0x0000  25.487272
60146.278420 19.674510      NaN    4    15 c    0   1.04 196.6049 53.47931 10202.84  5613.26 2.67 2.51 -64.4 -0.440    19.49 21.12 02a60146o0078c   0x0000  25.487272
60146.286172 19.038793      NaN   37    17 c    0   0.92 196.6049 53.47931   587.52  5504.23 2.37 2.17 -53.7 -0.406    19.44 21.00 02a60146o0094c   0x0000  26.713312
60146.287074 19.922338      NaN   -7    13 c    0   1.52 196.6049 53.47931 10181.74  5577.66 2.60 2.44 -65.7 -0.443    19.49 21.09 02a60146o0096c   0x0000  24.363929
60146.290451 19.609992 0.313193   52    15 c    0   3.35 196.6049 53.47931 10239.53  5655.63 2.66 2.53 -57.7 -0.442    19.46 21.08 02a60146o0103c   0x0000  25.487272
60146.302804 19.631075      NaN  -21    17 c    0   1.95 196.6049 53.47931 10255.77  5541.78 2.62 2.45 -52.2 -0.447    19.46 21.03 02a60146o0128c   0x0000  26.713312
60172.247476 19.271854      NaN   14    19 c    0   1.60 196.6049 53.47931  8807.38  7279.05 2.65 2.54 -53.3 -0.427    19.07 20.28 02a60172o0033c   0x0000  28.028575
60172.250797 19.510313      NaN  -13    19 c    0   1.33 196.6049 53.47931  8787.94  7238.48 2.67 2.57 -63.8 -0.414    19.26 20.66 02a60172o0040c  0x80000  28.028575
60172.256138 18.944322      NaN   45    17 c    0   1.69 196.6049 53.47931  8844.56  7318.85 2.65 2.55 -63.0 -0.418    19.36 20.91 02a60172o0051c  0x80000  26.713312
60172.270656 19.318728      NaN   23    15 c    0   1.63 196.6049 53.47931  8858.74  7199.27 2.62 2.54 -55.4 -0.418    19.37 20.90 02a60172o0081c   0x0000  25.487272
60270.615647 19.652575      NaN    2    16 c    0   0.75 196.6049 53.47931  3864.59  3072.27 2.43 2.38  82.8 -0.411    19.29 20.85 02a60270o0895c 0xc00800  26.088331
60270.625411 19.696897      NaN  -26    16 c    0   0.93 196.6049 53.47931  3886.52  3109.93 2.53 2.47  64.8 -0.410    19.27 20.88 02a60270o0915c 0xc00800  26.088331
60291.621759 19.841877      NaN    0    14 c    0   3.16 196.6049 53.47931  3777.75   920.76 3.02 2.77 -56.9 -0.417    19.35 21.29 02a60291o0873c 0x402800  24.911865
60291.642967 19.226921 0.176065   74    12 c    0   4.66 196.6049 53.47931  3805.33   958.75 3.14 2.94 -76.4 -0.393    19.27 21.35 02a60291o0917c  0x82000  23.845357
60347.536236 19.384550      NaN   28    12 c    0   1.64 196.6049 53.47931 10084.89  4979.70 2.70 2.59 -59.9 -0.420    19.47 21.41 02a60347o0693c 0x400800  23.845357
60347.538045 19.743105      NaN   19     9 c    0   2.05 196.6049 53.47931 10105.07  5017.86 2.76 2.61 -62.7 -0.419    19.51 21.42 02a60347o0697c   0x0000  22.485574
60347.548722 19.841877      NaN    0    14 c    0   1.03 196.6049 53.47931 10051.24  4944.27 2.71 2.46 -61.0 -0.427    19.58 21.49 02a60347o0719c   0x0000  24.911865
60347.564928 20.039830      NaN    2    11 c    0   4.24 196.6049 53.47931 10043.15  5066.46 2.65 2.52 -62.9 -0.429    19.59 21.56 02a60347o0752c 0x400800  23.358104
60347.570116 20.207197      NaN   -6    10 c    0   2.59 196.6049 53.47931   419.38  4971.89 2.51 2.44  52.4 -0.400    19.55 21.59 02a60347o0763c   0x0000  22.904171
60347.572397 19.841877      NaN    3    13 c    0   0.70 196.6049 53.47931   438.55  5013.52 2.48 2.42  44.4 -0.405    19.57 21.62 02a60347o0768c 0x400800  24.363929
60347.575565 19.631075      NaN   15    12 c    0   0.75 196.6049 53.47931   380.16  4932.23 2.55 2.40  38.5 -0.393    19.59 21.61 02a60347o0775c 0x400800  23.845357
60347.587174 19.743105      NaN   10    12 c    0   0.92 196.6049 53.47931   366.43  5051.00 2.45 2.37  38.7 -0.405    19.57 21.54 02a60347o0800c   0x0000  23.845357
60351.556301 19.302877      NaN   33    12 c    0   0.97 196.6049 53.47931  5596.70  3187.09 2.53 2.39  53.9 -0.407    19.59 21.48 02a60351o0740c   0x0000  23.845357
60351.568092 19.922338      NaN    6    11 c    0   0.93 196.6049 53.47931  5623.68  3227.60 2.51 2.37  55.0 -0.409    19.56 21.45 02a60351o0765c   0x0000  23.358104
60351.578465 19.979496      NaN    4    11 c    0   1.24 196.6049 53.47931  5066.20  7426.43 2.47 2.31  28.9 -0.410    19.62 21.45 02a60351o0787c   0x0000  23.358104
60351.583876 19.950541      NaN    2    12 c    0   1.48 196.6049 53.47931  5559.16  3271.81 2.52 2.35  43.5 -0.411    19.55 21.43 02a60351o0798c 0x400800  23.845357
60355.499895 19.241693      NaN   28    15 c    0   1.56 196.6049 53.47931  9340.94  3368.42 2.75 2.42 -58.7 -0.407    19.51 21.28 02a60355o0618c 0x400800  25.487272
60355.506599 19.791368      NaN   11    11 c    0   1.96 196.6049 53.47931  9365.03  3408.69 2.80 2.52 -57.2 -0.404    19.43 21.23 02a60355o0632c   0x0000  23.358104
60355.509521 19.743105      NaN    4    14 c    0   1.47 196.6049 53.47931  9308.93  3334.34 2.71 2.42 -61.1 -0.407    19.46 21.24 02a60355o0638c   0x0000  24.911865
60355.536279 19.454622      NaN   24    12 c    0   2.70 196.6049 53.47931  9300.06  3452.82 2.56 2.35 -64.2 -0.403    19.52 21.32 02a60355o0694c   0x0000  23.845357