SN_ID,t_half-g,a1_abs_mag-g,-e_a1_abs_mag-g,+e_a1_abs_mag-g,xerr_low_g,xerr_high_g,t_half-r,a1_abs_mag-r,-e_a1_abs_mag-r,+e_a1_abs_mag-r,xerr_low_r,xerr_high_r
snztf18,3.0799999999999343,-18.719859738736115,0.2241562082114043,0.2748923712176774,0.16999999999999638,0.2899999999999938,6.339999999999865,-18.04554091858577,1.2765105659380185,1.125655030783376,2.4699999999999473,1.739999999999963
sn18dfi,5.599999999999881,-17.642781425792624,0.1626967083852175,0.1379171069380085,0.26999999999999424,0.32999999999999297,11.149999999999762,-17.447846311954,0.2862179921444512,0.3093582152236753,1.2399999999999736,1.599999999999966
sn19rwd,6.489999999999862,-16.41046440325364,0.3793357234800547,0.4270822897475774,0.8599999999999817,1.2399999999999736,6.699999999999857,-16.245070446792866,0.4676950328888152,0.4824493106104288,0.7699999999999836,0.9599999999999795
sn20ano,,,,,,,3.619999999999923,-16.241954745021825,0.6649574112333063,0.6971666919904336,0.46999999999999,0.9499999999999797
sn20ikq,8.969999999999809,-18.11200231400479,0.1795859622495541,0.2009974450291128,1.4799999999999685,1.769999999999964,18.699999999999605,-17.640031642649365,0.077638593007784,0.0750633706394386,3.539999999999928,1.7399999999999594
sn20rsc,2.489999999999947,-16.474666866367524,0.5416550839324401,0.5945063479598485,0.16999999999999638,0.18999999999999595,5.449999999999884,-15.99720768572686,0.8705782393811212,0.9136608596780746,1.0099999999999785,1.3899999999999704
sn20sbw,2.449999999999948,-16.21678837850857,0.9943161334330384,0.9708166995336108,0.23999999999999533,0.36999999999999167,1.4299999999999695,-16.593893068090587,2.337495556555304,2.5348177202124376,0.20999999999999552,0.42999999999999083
sn21gno,4.749999999999899,-14.80352125690001,1.479428317519222,1.3799558175476996,1.1099999999999772,0.749999999999984,0.3099999999999934,-14.39954426267054,0.3437533800564125,0.3422001109764814,0.06999999999999859,0.1899999999999959
sn21heh,,,,,,,6.279999999999866,-18.273708809747333,0.4757452855937849,0.5047411025932753,0.9499999999999797,2.2699999999999516
sn21pb,,,,,,,4.769999999999898,-16.953967279514192,1.9869613829305195,1.923681889805392,1.0699999999999772,1.6199999999999655
sn21vgn,4.519999999999904,-17.51944267478161,0.5147847408902289,0.5294749155243554,0.40999999999999126,0.6199999999999868,4.989999999999894,-17.494935463995763,0.6539982470997758,0.6300073514400806,0.6499999999999853,0.6699999999999857
sn22hnt,,,,,,,3.379999999999928,-16.721734049485317,1.0359163769159334,0.8654534171820822,0.34999999999999254,0.48999999999998956
sn22jpx,,,,,,,8.509999999999819,-17.691785169341024,0.1146349509969071,0.1174471867928446,0.48999999999998956,0.5199999999999889
sn22qzr,,,,,,,3.949999999999916,-16.981983442802218,1.540333415484822,1.546814584264805,0.9799999999999791,1.7599999999999625
