-5.525377290021700194e-01 1.341740408677006835e-01 1.189590098724652711e-01
3.060168936592914113e-01 2.910035838484048565e-02 4.053949459617600670e-02
-8.406964897294535999e-02 1.273086752225087437e-02 1.190245689416351282e-02
-3.906195962818268086e+00 4.676523940840944249e-01 3.098235310282801969e-01
9.004847716719806883e+00 3.161622022485328642e-01 2.789459227735235913e-01
1.391888941400632440e+01 3.410783281054676763e-01 4.156703768160294743e-01
-3.298512140241770751e+00 4.867314333043295527e-01 6.360152481022964821e-01
-8.357475673573744324e-01 3.771038545726679292e-01 2.106763126588427903e-01
3.136862745717824974e-02 5.044996528214041459e-03 5.248411592866347730e-03
-1.127876350164920202e-02 1.168218909181185233e-02 7.717601060017882306e-03
-7.516561747845618147e-01 5.819808321898067849e-02 5.827557605118327544e-02
-2.199990768217416348e-02 1.058040680829188673e+00 4.232707133617501505e-01
1.601823469743639095e+01 1.187236047321707844e+00 7.302505120213176326e-01
-1.441795195794123075e+00 2.601271123009702979e-01 2.372513777507632149e-01
-1.116759735753035526e-01 3.600768285537514490e-01 5.882600612290284081e-02
1.709147199226758174e-01 4.046083932220309598e-02 5.389161506630787968e-02
-1.011960662916744913e-01 3.486878381696903451e-02 3.313650030104288435e-02
-3.192888261389402516e+00 8.332285096445595229e-01 6.254617398734967360e-01
1.001161157409927505e+01 3.222379639329207457e+00 1.580538710705532424e+00
1.722443625587517602e+01 5.317332780487689092e-01 4.657128638571634838e-01
-6.072682897113128586e-01 1.953981500582387953e-01 2.043502750834469417e-01
