-1.171749689347794110e+00 4.960332431699758793e-01 3.805821534703484055e-01
3.872511236428886616e-01 1.950834006134338772e-02 9.465735412740261534e-03
-9.411918279098836770e-02 2.217379577751181496e-02 1.999973800934820578e-02
-4.874802126153271686e+00 1.454135277515513636e-01 2.366050054091921595e-01
8.248109262846121226e+00 8.629861545958892322e-01 9.157068257097815689e-01
1.451056133521913694e+01 3.789219202896436656e-01 3.794795525863428054e-01
-3.688996513587933235e-01 1.556167642550234653e-01 1.677456765202932909e-01
-9.069140226344607481e-01 2.452129487137784114e-01 1.952937943345790517e-01
1.116432008383863861e-01 8.828300144064216148e-03 2.219137036434049026e-02
-1.019693120308918718e-02 1.657594052289135256e-02 7.573628896067532458e-03
-1.627364073347533635e+00 3.132595519379355320e-01 1.495632975403222709e-01
6.424759862382469766e-01 3.535204333982061020e-01 5.072860989047194291e-01
1.392387420812161736e+01 3.184066259532372101e-01 7.382429145832585249e-01
-7.464724865602532233e-01 3.203770802231293846e-01 3.051984010592041496e-01
-1.103691316558195856e+00 1.877642467267566229e-01 2.004965174073168876e-01
3.454797572013202922e-01 2.746957284934625765e-02 2.009761780904695261e-02
-6.554701197670861901e-02 7.149810822005539523e-02 4.640673794328341317e-02
-5.105448542734428941e+00 2.696876345964538402e-01 3.687298361360999976e-01
9.117604807093707464e+00 1.114720437160254818e-01 1.102149416557942629e-01
1.731848815669397368e+01 6.560882195504795789e-01 4.183313141655986556e-01
-1.658644241904457584e+00 2.857826420898561537e-01 2.781976736555942242e-01
