-1.453288219702194795e+00 3.791210279543650863e-01 5.516255207832659879e-01
2.685543786479536177e-01 1.061828726822033886e-02 8.700846069445877795e-03
-5.292599615064227242e-02 6.352447891975025740e-03 5.468289479049447122e-03
-3.864192092954501057e+00 8.205564591402447761e-02 1.003148344504731782e-01
6.714141013928118795e+00 1.305178715331480888e-01 3.426505526847813954e-01
1.310796905200096774e+01 1.100836614847313655e-01 1.929700643327016962e-01
-3.746321771573907000e+00 1.819757907173773503e-01 3.019924961463318347e-01
-9.795900540523927447e-01 6.885526187828994171e-01 5.667117655775464335e-01
1.421777190088267806e-01 1.828622302244324593e-02 1.656067360260005117e-02
-4.914604265745348838e-02 1.081449141987743945e-01 2.398947252008004974e-02
-1.921088058722459913e+00 1.822002314252642030e-01 2.040851878203968628e-01
8.261811821051512794e+00 1.530333995275832137e-01 4.026732171723725884e-01
1.416397158305694326e+01 5.242956895821251351e-01 2.061072027668197748e+00
-2.701529252453773289e+00 8.242315098134223028e-01 7.675825010560983763e-01
-6.795916866626250386e-01 7.620300853970032318e-01 4.258298853817011342e-01
1.873326604878067791e-01 6.029667647167111233e-02 6.525069328688065662e-02
-1.833687304569600607e-01 4.771099863181343936e-02 7.299544840690969094e-02
-2.579679594197997972e+00 9.390926937859243040e-01 8.542865085268513958e-01
9.410124652588068628e+00 1.239650925628868805e+00 2.275182952150437643e+00
1.471730867893379013e+01 8.578303828558357935e-01 1.092127336494915113e+00
1.364685854414516841e+00 4.593027814097399020e-01 5.671863925435820519e-01
-1.499712325308146799e+00 3.654036693258175816e-01 6.483707739787808455e-01
2.156055761529270254e-01 8.364426790164855574e-02 1.147853316304073834e-01
-1.571145995420453745e-01 3.647174109507517192e-02 1.725000070746443570e-02
-1.663332886101430930e+00 1.133722878003373680e+00 8.303981535993694152e-01
9.671303482261285112e+00 3.273630590683129782e-01 1.796331121945762277e-01
1.015897862546288621e+01 1.804939171938766407e-01 3.853950683838025526e-01
-2.874710603338002990e+00 8.085299812367892081e-01 9.792098055027997905e-01
-1.589472221655725992e+00 2.948522338277086430e-01 4.949443011057754749e-01
1.519638910592551739e-01 3.659338536283421317e-02 7.476556126514191658e-02
-8.939098191325922649e-02 1.605978468722894792e-02 1.619390040606968895e-02
-2.115394197754799865e+00 9.835401249272206492e-01 4.701696060832347701e-01
9.798066566794084054e+00 4.608673091426940260e-01 2.816214900183187098e-01
1.392908439897103889e+01 4.596000938875963726e-01 5.016457564978225037e-01
-1.423370044013025471e+00 2.766769691803336872e-01 3.202038970037885957e-01
-1.018082334407003575e+00 6.137386745797630550e-01 5.312241253765641602e-01
1.651805019518429452e-01 2.866690806959920623e-02 3.171149183490296064e-02
-7.301482604869610760e-02 2.687139724600012824e-02 2.478351212979996304e-02
-2.609368901805114049e+00 4.328947460359775512e-01 3.942370960172225658e-01
2.694031995299474680e+00 2.116114024445322706e+00 2.474913943300840913e+00
1.498538817331433215e+01 4.200038540962722777e-01 3.442639344631466258e-01
-1.329173259421835951e+00 5.091708224522522030e-01 4.163259909756241717e-01
-8.578603217033017314e-01 1.048343764942512024e-01 9.676934690246929982e-02
2.061767498825841094e-01 2.736998440711446712e-02 2.455869807493143986e-02
-6.499363661505137835e-02 1.429001886559276568e-02 1.022130044505761143e-02
-2.372771006486579459e+00 2.529935016197963904e-01 2.829151058044732103e-01
7.236514616214489770e+00 1.359221891072452948e-01 1.319287668932211943e-01
1.352721700817919981e+01 3.784665642826237075e-01 5.203526522995520764e-01
-1.622646204568551465e+00 3.997284869444848177e-01 3.678396645488939409e-01
2.763695699583990084e-01 3.834573264633039935e-02 1.982154270641200977e-02
-1.400785621827399519e-01 1.973807124071108587e-02 1.694625810481426020e-02
-3.738876954492388993e+00 1.934757665871624788e-01 3.967289610361679486e-01
1.449652147291285686e+01 3.898482715032578483e-01 7.092584917482973594e-01
-1.504525597769039713e+00 3.155003844025492388e-01 3.490052176612912227e-01
1.623172327614049171e-01 4.614292320275777126e-02 9.103704194621109469e-02
-3.249405859305502797e-02 2.813528297545200840e-02 1.660803441336150543e-02
-1.933100626735506866e+00 9.598813589199901575e-01 5.043065454288238048e-01
1.257051312641893936e+01 1.177368189051801295e+00 1.682709320615517257e+00
1.923971828696139086e-01 3.876062013258195771e-01 4.385158527856440891e-01
2.432416804755194450e-01 1.109432873700783029e-02 1.007565873670232537e-02
-1.572519456891728062e-01 2.170259958125289601e-02 1.355395016459851054e-02
-3.904050154510529058e+00 7.214170781416395783e-02 1.712572626936434972e-01
1.498303844441757349e+01 2.440653384007003268e-01 1.800068591500298965e-01
-2.740385037339733820e+00 6.194575590827398059e-01 5.712381051608499405e-01
